
==================================================
TIME STEP 0 (Time: 10.0 days)
==================================================
Property: Pressure (PSI)

 layer = 1 Top to bottom
          1        2        3        4        5        6        7        8        9       10       11       12    
--------------------------------------------------------------------------------------------------------------------
J= 1 |4517.1479 4444.0748 4405.4571 4381.9041 4365.2477 4351.9604 4340.7061 4331.1382 4323.3679 4317.4860 4313.5437 4311.5673 
J= 2 |4443.5972 4417.4802 4394.4383 4376.6450 4362.3774 4350.1869 4339.2496 4329.5630 4321.6968 4315.7599 4311.7886 4309.8003 
J= 3 |4403.9882 4393.4543 4380.6920 4368.6270 4357.7300 4347.3975 4336.7699 4326.3887 4318.3127 4312.2804 4308.2598 4306.2533 
J= 4 |4378.9760 4374.2037 4367.1594 4359.7769 4352.7615 4345.1357 4334.2699 4321.1286 4313.0988 4306.9989 4302.9241 4300.9056 
J= 5 |4360.4390 4358.0209 4354.3045 4350.8051 4348.6393 4346.3459     *     4310.9724 4306.1653 4299.8984 4295.7352 4293.7413 
J= 6 |4344.8548 4343.4447 4341.4749 4340.7342 4344.8791 4345.4960     *     4305.8319 4300.8969 4290.8953 4286.5754 4284.7799 
J= 7 |4330.9450 4329.6623 4327.6446 4326.0062     *         *         *         *         *     4276.4050 4275.0828 4274.2138 
J= 8 |4318.5422 4316.8359 4313.6545 4309.8584 4309.4426 4309.2347     *     4262.8938 4263.0696 4263.4212 4263.3210 4262.9619 
J= 9 |4308.0592 4305.6970 4300.4891 4290.5376 4268.4498 4256.6224     *     4243.2502 4244.5747 4251.0650 4251.9946 4251.5292 
J=10 |4300.1450 4297.6089 4292.2682 4283.5462 4271.1877 4261.4211 4254.7410 4248.2309 4245.3559 4244.4383 4242.2402 4239.8303 
J=11 |4294.9682 4292.5247 4287.6246 4280.3808 4271.5148 4263.3078 4256.7365 4249.7419 4244.3453 4239.2679 4232.9409 4226.2342 
J=12 |4292.4327 4290.0934 4285.5173 4279.0252 4271.3644 4263.7344 4256.7073 4249.8225 4243.1876 4235.5887 4224.8204 4209.7704 

 layer = 2 Top to bottom
          1        2        3        4        5        6        7        8        9       10       11       12    
--------------------------------------------------------------------------------------------------------------------
J= 1 |4485.5062 4431.2582 4395.8407 4372.8868 4356.2754 4342.9781 4331.7208 4322.1526 4314.3826 4308.5009 4304.5588 4302.5825 
J= 2 |4430.7724 4407.4800 4385.3312 4367.6722 4353.3986 4341.2022 4330.2638 4320.5774 4312.7116 4306.7749 4302.8037 4300.8156 
J= 3 |4394.3608 4384.3455 4371.7167 4359.6501 4348.7458 4338.4116 4327.7840 4317.4033 4309.3276 4303.2955 4299.2751 4297.2687 
J= 4 |4369.9575 4365.2322 4358.1830 4350.7930 4343.7755 4336.1495 4325.2841 4312.1434 4304.1139 4298.0143 4293.9396 4291.9212 
J= 5 |4351.4692 4349.0436 4345.3208 4341.8192 4339.6530 4337.3596     *     4301.9876 4297.1807 4290.9141 4286.7511 4284.7572 
J= 6 |4335.8740 4334.4607 4332.4894 4331.7482 4335.8928 4336.5097     *     4296.8474 4291.9125 4281.9114 4277.5916 4275.7963 
J= 7 |4321.9604 4320.6771 4318.6592 4317.0208     *         *         *         *         *     4267.4217 4266.0996 4265.2305 
J= 8 |4309.5572 4307.8509 4304.6696 4300.8736 4300.4578 4300.2500     *     4253.9111 4254.0868 4254.4384 4254.3382 4253.9789 
J= 9 |4299.0745 4296.7125 4291.5047 4281.5536 4259.4668 4247.6400     *     4234.2683 4235.5927 4242.0826 4243.0113 4242.5434 
J=10 |4291.1606 4288.6246 4283.2842 4274.5626 4262.2047 4252.4385 4245.7586 4239.2487 4236.3738 4235.4548 4233.2491 4230.8087 
J=11 |4285.9841 4283.5407 4278.6408 4271.3973 4262.5317 4254.3250 4247.7541 4240.7597 4235.3624 4230.2770 4223.8866 4216.8357 
J=12 |4283.4487 4281.1095 4276.5336 4270.0418 4262.3813 4254.7517 4247.7248 4240.8400 4234.2021 4226.5672 4215.4220 4197.2294 

 layer = 3 Top to bottom
          1        2        3        4        5        6        7        8        9       10       11       12    
--------------------------------------------------------------------------------------------------------------------
J= 1 |4464.7668 4419.9309 4386.6129 4363.9446 4347.3313 4334.0237 4322.7641 4313.1958 4305.4261 4299.5447 4295.6027 4293.6265 
J= 2 |4419.4372 4398.0169 4376.3492 4358.7319 4344.4469 4332.2459 4321.3069 4311.6207 4303.7551 4297.8187 4293.8477 4291.8597 
J= 3 |4385.1297 4375.3640 4362.7764 4350.6999 4339.7898 4329.4544 4318.8270 4308.4467 4300.3713 4294.3395 4290.3193 4288.3130 
J= 4 |4361.0178 4356.2936 4349.2333 4341.8373 4334.8182 4327.1922 4316.3271 4303.1870 4295.1579 4289.0585 4284.9840 4282.9657 
J= 5 |4342.5276 4340.0931 4336.3653 4332.8621 4330.6955 4328.4021     *     4293.0316 4288.2249 4281.9586 4277.7958 4275.8020 
J= 6 |4326.9208 4325.5051 4323.5326 4322.7910 4326.9354 4327.5523     *     4287.8916 4282.9570 4272.9563 4268.6367 4266.8414 
J= 7 |4313.0043 4311.7207 4309.7026 4308.0642     *         *         *         *         *     4258.4672 4257.1451 4256.2761 
J= 8 |4300.6010 4298.8947 4295.7135 4291.9177 4291.5020 4291.2941     *     4244.9572 4245.1329 4245.4845 4245.3841 4245.0247 
J= 9 |4290.1187 4287.7567 4282.5492 4272.5986 4250.5127 4238.6863     *     4225.3152 4226.6396 4233.1290 4234.0569 4233.5863 
J=10 |4282.2051 4279.6692 4274.3291 4265.6078 4253.2504 4243.4847 4236.8051 4230.2954 4227.4204 4226.5002 4224.2866 4221.8120 
J=11 |4277.0288 4274.5855 4269.6858 4262.4427 4253.5774 4245.3711 4238.8004 4231.8062 4226.4082 4221.3146 4214.8536 4207.3338 
J=12 |4274.4935 4272.1544 4267.5787 4261.0872 4253.4270 4245.7977 4238.7712 4231.8864 4225.2454 4217.5707 4205.9203 4180.6083 

==================================================
TIME STEP 1 (Time: 20.0 days)
==================================================
Property: Pressure (PSI)

 layer = 1 Top to bottom
          1        2        3        4        5        6        7        8        9       10       11       12    
--------------------------------------------------------------------------------------------------------------------
J= 1 |4807.9214 4744.9249 4706.9630 4681.7778 4664.3053 4650.7656 4639.3563 4629.6383 4621.7313 4615.7382 4611.7178 4609.7013 
J= 2 |4744.4409 4719.3023 4695.0076 4676.0852 4661.3746 4648.9875 4637.8839 4628.0340 4620.0239 4613.9718 4609.9205 4607.8913 
J= 3 |4705.4558 4693.9841 4680.2747 4667.7587 4656.6602 4646.1690 4635.3654 4624.7959 4616.5649 4610.4113 4606.3075 4604.2588 
J= 4 |4678.7020 4673.5033 4666.2033 4658.7083 4651.6077 4643.8711 4632.8186 4619.4253 4611.2348 4605.0074 4600.8457 4598.7840 
J= 5 |4659.2094 4656.7608 4653.0413 4649.5456 4647.3986 4645.0942     *     4609.0578 4604.1479 4597.7439 4593.4903 4591.4537 
J= 6 |4643.2613 4641.8783 4639.9350 4639.2421 4643.5513 4644.2193     *     4603.8064 4598.7614 4588.5360 4584.1241 4582.2927 
J= 7 |4629.0946 4627.8142 4625.7882 4624.1411     *         *         *         *         *     4573.7201 4572.3832 4571.5062 
J= 8 |4616.4371 4614.7051 4611.4677 4607.5983 4607.1857 4606.9794     *     4559.8291 4560.0348 4560.4462 4560.3879 4560.0486 
J= 9 |4605.7189 4603.3071 4597.9845 4587.8038 4565.1909 4553.0948     *     4539.6991 4541.1257 4547.8475 4548.8800 4548.4598 
J=10 |4597.6183 4595.0256 4589.5646 4580.6455 4568.0119 4558.0566 4551.3121 4544.7729 4541.9496 4541.1447 4539.0396 4536.6886 
J=11 |4592.3164 4589.8179 4584.8086 4577.4073 4568.3595 4560.0130 4553.3826 4546.3364 4540.9624 4535.9612 4529.7342 4523.1290 
J=12 |4589.7187 4587.3270 4582.6503 4576.0211 4568.2112 4560.4584 4553.3565 4546.4339 4539.8171 4532.2930 4521.6634 4506.8588 

 layer = 2 Top to bottom
          1        2        3        4        5        6        7        8        9       10       11       12    
--------------------------------------------------------------------------------------------------------------------
J= 1 |4779.3465 4731.4705 4696.4254 4672.4655 4655.3119 4641.7916 4630.3743 4620.6542 4612.7472 4606.7542 4602.7340 4600.7176 
J= 2 |4730.9763 4708.2368 4685.3824 4667.0248 4652.4023 4640.0086 4628.9004 4619.0497 4611.0398 4604.9880 4600.9368 4598.9077 
J= 3 |4694.8891 4684.3472 4671.1776 4658.7834 4647.6831 4637.1859 4626.3810 4615.8116 4607.5809 4601.4276 4597.3239 4595.2753 
J= 4 |4669.3681 4664.4378 4657.2285 4649.7319 4642.6246 4634.8864 4623.8340 4610.4412 4602.2511 4596.0239 4591.8624 4589.8008 
J= 5 |4650.2144 4647.7907 4644.0655 4640.5629 4638.4137 4636.1090     *     4600.0742 4595.1645 4588.7607 4584.5074 4582.4708 
J= 6 |4634.2910 4632.9017 4630.9528 4630.2577 4634.5662 4635.2341     *     4594.8230 4589.7782 4579.5532 4575.1416 4573.3103 
J= 7 |4620.1146 4618.8318 4616.8044 4615.1569     *         *         *         *         *     4564.7380 4563.4012 4562.5242 
J= 8 |4607.4540 4605.7216 4602.4840 4598.6147 4598.2021 4597.9958     *     4550.8476 4551.0533 4551.4647 4551.4063 4551.0668 
J= 9 |4596.7356 4594.3238 4589.0013 4578.8210 4556.2091 4544.1136     *     4530.7185 4532.1451 4538.8663 4539.8980 4539.4751 
J=10 |4588.6352 4586.0425 4580.5819 4571.6631 4559.0300 4549.0753 4542.3311 4535.7921 4532.9687 4532.1625 4530.0494 4527.6670 
J=11 |4583.3334 4580.8351 4575.8260 4568.4250 4559.3776 4551.0315 4544.4014 4537.3554 4531.9807 4526.9712 4520.6790 4513.7227 
J=12 |4580.7359 4578.3443 4573.6678 4567.0389 4559.2293 4551.4769 4544.3752 4537.4527 4530.8328 4523.2716 4512.2573 4494.2727 

 layer = 3 Top to bottom
          1        2        3        4        5        6        7        8        9       10       11       12    
--------------------------------------------------------------------------------------------------------------------
J= 1 |4759.7785 4719.3783 4686.6920 4663.4287 4646.3855 4632.8569 4621.4325 4611.7111 4603.8040 4597.8113 4593.7913 4591.7749 
J= 2 |4718.8742 4698.1269 4676.1964 4658.0790 4643.4721 4631.0690 4619.9574 4610.1064 4602.0967 4596.0451 4591.9941 4589.9652 
J= 3 |4685.1388 4675.1572 4662.2194 4649.8539 4638.7448 4628.2432 4617.4375 4606.8683 4598.6379 4592.4849 4588.3814 4586.3329 
J= 4 |4660.3260 4655.4927 4648.3000 4640.7942 4633.6819 4625.9426 4614.8904 4601.4981 4593.3083 4587.0814 4582.9202 4580.8586 
J= 5 |4641.2915 4638.8633 4635.1284 4631.6204 4629.4697 4627.1649     *     4591.1315 4586.2221 4579.8186 4575.5654 4573.5289 
J= 6 |4625.3595 4623.9638 4622.0108 4621.3142 4625.6221 4626.2899     *     4585.8806 4580.8360 4570.6115 4566.2000 4564.3688 
J= 7 |4611.1744 4609.8898 4607.8615 4606.2137     *         *         *         *         *     4555.7969 4554.4601 4553.5832 
J= 8 |4598.5117 4596.7790 4593.5414 4589.6721 4589.2595 4589.0532     *     4541.9071 4542.1128 4542.5242 4542.4657 4542.1260 
J= 9 |4587.7932 4585.3814 4580.0592 4569.8793 4547.2684 4535.1734     *     4521.7789 4523.2054 4529.9262 4530.9569 4530.5314 
J=10 |4579.6931 4577.1005 4571.6401 4562.7218 4550.0892 4540.1349 4533.3910 4526.8523 4524.0289 4523.2214 4521.1002 4518.6838 
J=11 |4574.3915 4571.8933 4566.8845 4559.4838 4550.4368 4542.0910 4535.4612 4528.4154 4523.0400 4518.0222 4511.6594 4504.2385 
J=12 |4571.7941 4569.4026 4564.7263 4558.0977 4550.2885 4542.5364 4535.4350 4528.5125 4521.8895 4514.2885 4502.7731 4477.7737 

==================================================
TIME STEP 2 (Time: 30.0 days)
==================================================
Property: Pressure (PSI)

 layer = 1 Top to bottom
          1        2        3        4        5        6        7        8        9       10       11       12    
--------------------------------------------------------------------------------------------------------------------
J= 1 |5106.4675 5048.8952 5013.0785 4987.5300 4969.2874 4955.4641 4944.0081 4934.2796 4926.3643 4920.3645 4916.3397 4914.3210 
J= 2 |5048.4200 5025.0680 5001.0714 4981.4366 4966.2207 4953.6861 4942.5468 4932.6806 4924.6597 4918.6005 4914.5447 4912.5136 
J= 3 |5011.6028 5000.0663 4985.7602 4972.7276 4961.4281 4950.8724 4940.0371 4929.4473 4921.2043 4915.0439 4910.9365 4908.8862 
J= 4 |4984.4877 4978.8636 4971.1641 4963.5016 4956.3444 4948.5747 4937.4932 4924.0776 4915.8772 4909.6456 4905.4821 4903.4197 
J= 5 |4964.1717 4961.5738 4957.7794 4954.2680 4952.1127 4949.7984     *     4913.7031 4908.7921 4902.3900 4898.1379 4896.1019 
J= 6 |4947.8954 4946.5196 4944.5971 4943.9209 4948.2472 4948.9173     *     4908.4504 4903.4090 4893.1955 4888.7885 4886.9592 
J= 7 |4933.6786 4932.4194 4930.4150 4928.7801     *         *         *         *         *     4878.4052 4877.0722 4876.1981 
J= 8 |4921.0208 4919.3007 4916.0762 4912.2136 4911.7912 4911.5800     *     4864.5244 4864.7357 4865.1582 4865.1080 4864.7740 
J= 9 |4910.3035 4907.8986 4902.5861 4892.4168 4869.8199 4857.7386     *     4844.4384 4845.8744 4852.5949 4853.6393 4853.2297 
J=10 |4902.2021 4899.6146 4894.1630 4885.2568 4872.6406 4862.7076 4855.9957 4849.4950 4846.6998 4845.9205 4843.8453 4841.5202 
J=11 |4896.8992 4894.4055 4889.4054 4882.0178 4872.9885 4864.6663 4858.0675 4851.0575 4845.7224 4840.7671 4834.5983 4828.0594 
J=12 |4894.3010 4891.9139 4887.2465 4880.6312 4872.8404 4865.1126 4858.0420 4851.1573 4844.5864 4837.1241 4826.5934 4811.9802 

 layer = 2 Top to bottom
          1        2        3        4        5        6        7        8        9       10       11       12    
--------------------------------------------------------------------------------------------------------------------
J= 1 |5078.9891 5035.2396 5001.8966 4977.7700 4960.1845 4946.4908 4935.0323 4925.2985 4917.3823 4911.3825 4907.3578 4905.3392 
J= 2 |5034.7549 5013.3954 4990.8367 4972.1294 4957.2199 4944.7143 4933.5677 4923.6988 4915.6776 4909.6185 4905.5630 4903.5319 
J= 3 |5000.3845 4989.8113 4976.3550 4963.6963 4952.4559 4941.8946 4931.0556 4920.4651 4912.2223 4906.0622 4901.9549 4899.9047 
J= 4 |4974.6800 4969.5349 4962.1303 4954.5286 4947.3666 4939.5929 4928.5107 4915.0955 4906.8953 4900.6640 4896.5008 4894.4384 
J= 5 |4955.0487 4952.5694 4948.8090 4945.2908 4943.1306 4940.8153     *     4904.7214 4899.8106 4893.4088 4889.1569 4887.1210 
J= 6 |4938.9240 4937.5515 4935.6212 4934.9395 4939.2642 4939.9341     *     4899.4690 4894.4277 4884.2147 4879.8079 4877.9786 
J= 7 |4924.7067 4923.4428 4921.4346 4919.7981     *         *         *         *         *     4869.4250 4868.0921 4867.2180 
J= 8 |4912.0416 4910.3201 4907.0949 4903.2320 4902.8096 4902.5983     *     4855.5449 4855.7562 4856.1787 4856.1283 4855.7941 
J= 9 |4901.3224 4898.9173 4893.6049 4883.4360 4860.8402 4848.7594     *     4835.4597 4836.8957 4843.6157 4844.6592 4844.2468 
J=10 |4893.2210 4890.6335 4885.1822 4876.2764 4863.6607 4853.7281 4847.0166 4840.5162 4837.7208 4836.9401 4834.8567 4832.4990 
J=11 |4887.9182 4885.4247 4880.4248 4873.0375 4864.0086 4855.6868 4849.0883 4842.0785 4836.7426 4831.7785 4825.5423 4818.6428 
J=12 |4885.3201 4882.9332 4878.2660 4871.6510 4863.8606 4856.1330 4849.0627 4842.1780 4835.6039 4828.1032 4817.1769 4799.3135 

 layer = 3 Top to bottom
          1        2        3        4        5        6        7        8        9       10       11       12    
--------------------------------------------------------------------------------------------------------------------
J= 1 |5059.9302 5022.9683 4991.7424 4968.5400 4951.2345 4937.5671 4926.0992 4916.3616 4908.4449 4902.4452 4898.4207 4896.4022 
J= 2 |5022.4722 5002.8383 4981.3503 4963.1048 4948.2928 4935.7850 4924.6321 4914.7615 4906.7402 4900.6813 4896.6259 4894.5949 
J= 3 |4990.2033 4980.3145 4967.2938 4954.7612 4943.5278 4932.9598 4922.1183 4911.5276 4903.2850 4897.1251 4893.0180 4890.9679 
J= 4 |4965.4305 4960.5053 4953.1957 4945.6007 4938.4317 4930.6553 4919.5729 4906.1581 4897.9583 4891.7272 4887.5641 4885.5019 
J= 5 |4946.0971 4943.6446 4939.8827 4936.3564 4934.1928 4931.8769     *     4895.7844 4890.8738 4884.4723 4880.2205 4878.1847 
J= 6 |4930.0051 4928.6255 4926.6878 4926.0023 4930.3259 4930.9956     *     4890.5322 4885.4912 4875.2786 4870.8720 4869.0428 
J= 7 |4915.7766 4914.5090 4912.4982 4910.8608     *         *         *         *         *     4860.4896 4859.1567 4858.2826 
J= 8 |4903.1061 4901.3838 4898.1581 4894.2952 4893.8726 4893.6614     *     4846.6101 4846.8213 4847.2438 4847.1934 4846.8590 
J= 9 |4892.3859 4889.9808 4884.6685 4874.5000 4851.9051 4839.8248     *     4826.5258 4827.9617 4834.6812 4835.7238 4835.3087 
J=10 |4884.2845 4881.6972 4876.2461 4867.3407 4854.7255 4844.7934 4838.0822 4831.5820 4828.7866 4828.0046 4825.9131 4823.5212 
J=11 |4878.9820 4876.4885 4871.4889 4864.1019 4855.0734 4846.7519 4840.1537 4833.1442 4827.8076 4822.8351 4816.5282 4809.1665 
J=12 |4876.3840 4873.9972 4869.3301 4862.7154 4854.9254 4847.1982 4840.1282 4833.2435 4826.6662 4819.1257 4807.7008 4782.8946 

==================================================
TIME STEP 3 (Time: 40.0 days)
==================================================
Property: Pressure (PSI)

 layer = 1 Top to bottom
          1        2        3        4        5        6        7        8        9       10       11       12    
--------------------------------------------------------------------------------------------------------------------
J= 1 |5412.0461 5357.7521 5323.8993 5298.7168 5279.9675 5265.7594 5254.1997 5244.4520 5236.5274 5230.5201 5226.4901 5224.4689 
J= 2 |5357.2821 5335.3926 5312.2320 5292.4172 5276.7182 5263.9470 5252.7455 5242.8587 5234.8254 5228.7576 5224.6966 5222.6629 
J= 3 |5322.4469 5311.2441 5296.8162 5283.3551 5271.7746 5261.1193 5250.2437 5239.6300 5231.3725 5225.2034 5221.0910 5219.0384 
J= 4 |5295.7191 5289.8725 5281.7961 5273.8810 5266.6317 5258.8206 5247.7034 5234.2598 5226.0461 5219.8076 5215.6405 5213.5765 
J= 5 |5274.8731 5272.0701 5268.1094 5264.5440 5262.3748 5260.0485     *     5223.8739 5218.9592 5212.5554 5208.3022 5206.2657 
J= 6 |5258.1548 5256.7387 5254.8080 5254.1444 5258.4898 5259.1619     *     5218.6176 5213.5764 5203.3676 5198.9621 5197.1335 
J= 7 |5243.8075 5242.5626 5240.5779 5238.9563     *         *         *         *         *     5188.5908 5187.2601 5186.3876 
J= 8 |5231.1343 5229.4265 5226.2157 5222.3600 5221.9297 5221.7145     *     5174.7135 5174.9288 5175.3593 5175.3147 5174.9844 
J= 9 |5220.4164 5218.0182 5212.7143 5202.5519 5179.9592 5167.8850     *     5154.6526 5156.0959 5162.8177 5163.8709 5163.4687 
J=10 |5212.3140 5209.7307 5204.2859 5195.3876 5182.7807 5172.8614 5166.1722 5159.6980 5156.9225 5156.1614 5154.1072 5151.8001 
J=11 |5207.0097 5204.5195 5199.5257 5192.1467 5183.1291 5174.8227 5168.2455 5161.2602 5155.9519 5151.0280 5144.8997 5138.4094 
J=12 |5204.4107 5202.0269 5197.3657 5190.7595 5182.9811 5175.2697 5168.2205 5161.3615 5154.8221 5147.4023 5136.9426 5122.4914 

 layer = 2 Top to bottom
          1        2        3        4        5        6        7        8        9       10       11       12    
--------------------------------------------------------------------------------------------------------------------
J= 1 |5385.0981 5343.9638 5312.2903 5288.5110 5270.6641 5256.7585 5245.2285 5235.4736 5227.5464 5221.5388 5217.5090 5215.4878 
J= 2 |5343.4853 5323.3481 5301.4974 5282.7650 5267.6219 5254.9727 5243.7709 5233.8787 5225.8442 5219.7764 5215.7155 5213.6819 
J= 3 |5310.7997 5300.4845 5287.0124 5274.1763 5262.7874 5252.1461 5241.2648 5230.6489 5222.3913 5216.2223 5212.1100 5210.0576 
J= 4 |5285.4455 5280.1803 5272.6077 5264.8860 5257.6570 5249.8411 5238.7222 5225.2785 5217.0650 5210.8268 5206.6599 5204.5959 
J= 5 |5265.5209 5262.9542 5259.1211 5255.5700 5253.3944 5251.0663     *     5214.8929 5209.9784 5203.5749 5199.3219 5197.2855 
J= 6 |5249.1450 5247.7658 5245.8378 5245.1656 5249.5078 5250.1794     *     5209.6368 5204.5959 5194.3874 5189.9822 5188.1537 
J= 7 |5234.8413 5233.5923 5231.6011 5229.9759     *         *         *         *         *     5179.6114 5178.2807 5177.4082 
J= 8 |5222.1592 5220.4488 5217.2359 5213.3793 5212.9488 5212.7336     *     5165.7347 5165.9499 5166.3804 5166.3357 5166.0052 
J= 9 |5211.4369 5209.0382 5203.7341 5193.5719 5170.9802 5158.9065     *     5145.6746 5147.1179 5153.8392 5154.8913 5154.4863 
J=10 |5203.3337 5200.7504 5195.3058 5186.4079 5173.8015 5163.8827 5157.1937 5150.7199 5147.9443 5147.1817 5145.1188 5142.7779 
J=11 |5198.0295 5195.5394 5190.5458 5183.1671 5174.1499 5165.8439 5159.2670 5152.2819 5146.9727 5142.0397 5135.8414 5128.9785 
J=12 |5195.4306 5193.0469 5188.3858 5181.7799 5174.0019 5166.2909 5159.2419 5152.3829 5145.8401 5138.3804 5127.5119 5109.7084 

 layer = 3 Top to bottom
          1        2        3        4        5        6        7        8        9       10       11       12    
--------------------------------------------------------------------------------------------------------------------
J= 1 |5366.2208 5331.5466 5301.8416 5279.0613 5261.6482 5247.8328 5236.2992 5226.5380 5218.6093 5212.6016 5208.5719 5206.5509 
J= 2 |5331.0558 5312.5105 5291.7235 5273.6079 5258.6712 5246.0466 5234.8379 5224.9422 5216.9070 5210.8393 5206.7786 5204.7450 
J= 3 |5300.3180 5290.6951 5277.7910 5265.2005 5253.8587 5243.2143 5232.3287 5221.7118 5213.4541 5207.2854 5203.1732 5201.1208 
J= 4 |5275.9617 5271.0093 5263.6304 5255.9554 5248.7245 5240.9046 5229.7848 5216.3412 5208.1280 5201.8900 5197.7233 5195.6595 
J= 5 |5256.4929 5254.0020 5250.1942 5246.6382 5244.4575 5242.1282     *     5205.9560 5201.0417 5194.6385 5190.3856 5188.3493 
J= 6 |5240.2228 5238.8438 5236.9082 5236.2297 5240.5697 5241.2409     *     5200.7001 5195.6594 5185.4514 5181.0464 5179.2179 
J= 7 |5225.9169 5224.6624 5222.6666 5221.0391     *         *         *         *         *     5170.6760 5169.3454 5168.4730 
J= 8 |5213.2260 5211.5138 5208.2997 5204.4427 5204.0120 5203.7967     *     5156.8000 5157.0152 5157.4456 5157.4009 5157.0701 
J= 9 |5202.5010 5200.1020 5194.7978 5184.6360 5162.0452 5149.9720     *     5136.7408 5138.1840 5144.9048 5145.9560 5145.5483 
J=10 |5194.3974 5191.8142 5186.3698 5177.4722 5164.8664 5154.9480 5148.2594 5141.7858 5139.0101 5138.2462 5136.1752 5133.8000 
J=11 |5189.0933 5186.6033 5181.6099 5174.2316 5165.2147 5156.9091 5150.3325 5143.3476 5138.0377 5133.0962 5126.8269 5119.5030 
J=12 |5186.4945 5184.1109 5179.4501 5172.8445 5165.0668 5157.3561 5150.3074 5143.4485 5136.9024 5129.4027 5118.0366 5093.3430 

==================================================
TIME STEP 4 (Time: 50.0 days)
==================================================
Property: Pressure (PSI)

 layer = 1 Top to bottom
          1        2        3        4        5        6        7        8        9       10       11       12    
--------------------------------------------------------------------------------------------------------------------
J= 1 |5722.0403 5669.9378 5637.6910 5613.1582 5594.2181 5579.6324 5567.9043 5558.1176 5550.1789 5544.1610 5540.1236 5538.0985 
J= 2 |5669.4706 5648.7079 5626.4571 5606.8282 5590.8106 5577.7527 5566.4471 5556.5282 5548.4778 5542.3980 5538.3290 5536.2913 
J= 3 |5636.2533 5625.4814 5611.2357 5597.5549 5585.6816 5574.8807 5563.9473 5553.3015 5545.0240 5538.8415 5534.7207 5532.6641 
J= 4 |5610.1975 5604.3123 5596.0059 5587.8257 5580.4415 5572.5736 5561.4096 5547.9263 5539.6923 5533.4409 5529.2660 5527.1982 
J= 5 |5589.1598 5586.1790 5582.0099 5578.3434 5576.1504 5573.8097     *     5537.5192 5532.5952 5526.1815 5521.9218 5519.8823 
J= 6 |5572.0137 5570.5148 5568.5334 5567.8717 5572.2423 5572.9176     *     5532.2535 5527.2055 5516.9855 5512.5750 5510.7444 
J= 7 |5557.4479 5556.2005 5554.2259 5552.6172     *         *         *         *         *     5502.1970 5500.8659 5499.9934 
J= 8 |5544.7222 5543.0240 5539.8240 5535.9731 5535.5381 5535.3203     *     5488.3033 5488.5211 5488.9566 5488.9157 5488.5874 
J= 9 |5533.9927 5531.5989 5526.2977 5516.1299 5493.5116 5481.4273     *     5468.2247 5469.6761 5476.4102 5477.4713 5477.0738 
J=10 |5525.8833 5523.3011 5517.8560 5508.9536 5496.3379 5486.4160 5479.7342 5473.2700 5470.5049 5469.7559 5467.7133 5465.4153 
J=11 |5520.5738 5518.0836 5513.0889 5505.7077 5496.6874 5488.3820 5481.8117 5474.8343 5469.5373 5464.6281 5458.5188 5452.0534 
J=12 |5517.9720 5515.5879 5510.9259 5504.3185 5496.5396 5488.8303 5481.7870 5474.9368 5468.4099 5461.0087 5450.5834 5436.2262 

 layer = 2 Top to bottom
          1        2        3        4        5        6        7        8        9       10       11       12    
--------------------------------------------------------------------------------------------------------------------
J= 1 |5695.4005 5656.0483 5625.7711 5602.5672 5584.6601 5570.5615 5558.9307 5549.1409 5541.1975 5535.1787 5531.1413 5529.1163 
J= 2 |5655.5734 5636.3991 5615.3352 5596.8190 5581.5498 5568.7525 5557.4747 5547.5491 5539.4959 5533.4156 5529.3467 5527.3091 
J= 3 |5624.2957 5614.3324 5601.0448 5588.1517 5576.6406 5565.9065 5554.9701 5544.3203 5536.0417 5529.8593 5525.7386 5523.6822 
J= 4 |5599.5256 5594.2483 5586.5840 5578.7626 5571.4614 5563.5948 5552.4282 5538.9442 5530.7101 5524.4589 5520.2842 5518.2165 
J= 5 |5579.5225 5576.8756 5572.9597 5569.3636 5567.1695 5564.8265     *     5528.5371 5523.6133 5517.1998 5512.9403 5510.9009 
J= 6 |5562.9122 5561.5063 5559.5615 5558.8938 5563.2593 5563.9339     *     5523.2715 5518.2238 5508.0042 5503.5940 5501.7634 
J= 7 |5548.4763 5547.2333 5545.2524 5543.6370     *         *         *         *         *     5493.2164 5491.8854 5491.0128 
J= 8 |5535.7507 5534.0487 5530.8449 5526.9918 5526.5561 5526.3382     *     5479.3233 5479.5411 5479.9766 5479.9356 5479.6071 
J= 9 |5525.0136 5522.6187 5517.3169 5507.1490 5484.5315 5472.4476     *     5459.2456 5460.6970 5467.4305 5468.4906 5468.0901 
J=10 |5516.9022 5514.3199 5508.8749 5499.9727 5487.3575 5477.4361 5470.7546 5464.2907 5461.5255 5460.7750 5458.7233 5456.3902 
J=11 |5511.5924 5509.1023 5504.1078 5496.7270 5487.7071 5479.4020 5472.8320 5465.8548 5460.5569 5455.6382 5449.4562 5442.6067 
J=12 |5508.9907 5506.6067 5501.9449 5495.3378 5487.5592 5479.8503 5472.8073 5465.9570 5459.4266 5451.9839 5441.1370 5423.3533 

 layer = 3 Top to bottom
          1        2        3        4        5        6        7        8        9       10       11       12    
--------------------------------------------------------------------------------------------------------------------
J= 1 |5676.5881 5643.4873 5615.1037 5592.9116 5575.5492 5561.6176 5550.0007 5540.2034 5532.2570 5526.2377 5522.2004 5520.1755 
J= 2 |5642.9998 5625.3554 5605.3259 5587.5047 5572.5491 5559.8201 5548.5408 5538.6099 5530.5551 5524.4747 5520.4059 5518.3684 
J= 3 |5613.5911 5604.3040 5591.6418 5579.1044 5567.6975 5556.9731 5546.0321 5535.3798 5527.1008 5520.9185 5516.7980 5514.7416 
J= 4 |5589.8236 5584.9102 5577.5322 5569.8135 5562.5254 5554.6557 5543.4876 5530.0033 5521.7693 5515.5183 5511.3438 5509.2762 
J= 5 |5570.3856 5567.8664 5564.0170 5560.4283 5558.2293 5555.8846     *     5519.5964 5514.6727 5508.2595 5504.0002 5501.9609 
J= 6 |5553.9668 5552.5769 5550.6310 5549.9554 5554.3176 5554.9917     *     5514.3310 5509.2835 5499.0644 5494.6543 5492.8238 
J= 7 |5539.5521 5538.3040 5536.3167 5534.6973     *         *         *         *         *     5484.2772 5482.9462 5482.0737 
J= 8 |5526.8169 5525.1121 5521.9059 5518.0516 5517.6154 5517.3976     *     5470.3847 5470.6025 5471.0380 5470.9969 5470.6682 
J= 9 |5516.0748 5513.6793 5508.3771 5498.2093 5475.5927 5463.5093     *     5450.3079 5451.7592 5458.4923 5459.5514 5459.1481 
J=10 |5507.9622 5505.3799 5499.9350 5491.0333 5478.4186 5468.4976 5461.8164 5455.3528 5452.5875 5451.8357 5449.7757 5447.4080 
J=11 |5502.6524 5500.1624 5495.1682 5487.7876 5478.7681 5470.4634 5463.8937 5456.9167 5451.6180 5446.6907 5440.4372 5433.1256 
J=12 |5500.0508 5497.6669 5493.0053 5486.3985 5478.6203 5470.9117 5463.8690 5457.0187 5450.4850 5443.0020 5431.6561 5406.9786 

==================================================
TIME STEP 5 (Time: 60.0 days)
==================================================
Property: Pressure (PSI)

 layer = 1 Top to bottom
          1        2        3        4        5        6        7        8        9       10       11       12    
--------------------------------------------------------------------------------------------------------------------
J= 1 |5980.7107 5932.6260 5903.1597 5880.4799 5862.4869 5848.3123 5836.9176 5827.4976 5819.8777 5814.0979 5810.2169 5808.2692 
J= 2 |5932.1736 5913.2425 5892.8554 5874.5153 5859.1433 5846.4381 5835.5014 5825.9654 5818.2320 5812.3864 5808.4710 5806.5093 
J= 3 |5901.7720 5891.9152 5878.6576 5865.6161 5854.0935 5843.6213 5833.0907 5822.8521 5814.8875 5808.9319 5804.9591 5802.9756 
J= 4 |5877.6295 5872.0937 5864.1216 5856.1514 5848.9741 5841.3939 5830.6501 5817.6611 5809.7212 5803.6821 5799.6458 5797.6461 
J= 5 |5857.6082 5854.6666 5850.5292 5846.9289 5844.8281 5842.5907     *     5807.6094 5802.8413 5796.6169 5792.4835 5790.5048 
J= 6 |5840.9163 5839.3949 5837.4278 5836.8020 5841.0595 5841.7322     *     5802.5134 5797.6052 5787.6485 5783.3546 5781.5726 
J= 7 |5826.7112 5825.4916 5823.5907 5822.0587     *         *         *         *         *     5773.2049 5771.9015 5771.0464 
J= 8 |5814.4070 5812.7716 5809.6897 5805.9828 5805.6088 5805.4211     *     5759.6865 5759.8751 5760.2524 5760.1879 5759.8536 
J= 9 |5804.0726 5801.7571 5796.6228 5786.7633 5764.8124 5753.0642     *     5739.9591 5741.3563 5747.9298 5748.9336 5748.5178 
J=10 |5796.2632 5793.7579 5788.4716 5779.8228 5767.5564 5757.8797 5751.3056 5744.9200 5742.1604 5741.3675 5739.2978 5736.9907 
J=11 |5791.1477 5788.7273 5783.8704 5776.6876 5767.8985 5759.7812 5753.3202 5746.4439 5741.1886 5736.2863 5730.1804 5723.7291 
J=12 |5788.6403 5786.3209 5781.7833 5775.3466 5767.7572 5760.2147 5753.2942 5746.5366 5740.0635 5732.6902 5722.2943 5708.0184 

 layer = 2 Top to bottom
          1        2        3        4        5        6        7        8        9       10       11       12    
--------------------------------------------------------------------------------------------------------------------
J= 1 |5954.9078 5918.7123 5891.0185 5869.5920 5852.6839 5839.1349 5827.9275 5818.5205 5810.8947 5805.1131 5801.2319 5799.2843 
J= 2 |5918.2531 5900.7521 5881.4492 5864.2102 5849.6878 5837.3803 5826.5245 5816.9859 5809.2481 5803.4016 5799.4862 5797.5245 
J= 3 |5889.5942 5880.4809 5868.1576 5855.9737 5844.9566 5834.6330 5824.1136 5813.8697 5805.9030 5799.9471 5795.9744 5793.9909 
J= 4 |5866.6521 5861.7230 5854.4527 5846.9747 5839.9716 5832.4127 5821.6676 5808.6769 5800.7365 5794.6974 5790.6613 5788.6617 
J= 5 |5847.7006 5845.1458 5841.3709 5837.9248 5835.8427 5833.6047     *     5798.6248 5793.8567 5787.6326 5783.4994 5781.5207 
J= 6 |5831.6804 5830.3115 5828.4374 5827.8213 5832.0738 5832.7458     *     5793.5289 5788.6208 5778.6646 5774.3709 5772.5890 
J= 7 |5817.7133 5816.5171 5814.6182 5813.0779     *         *         *         *         *     5764.2217 5762.9183 5762.0633 
J= 8 |5805.4360 5803.7977 5800.7107 5796.9998 5796.6242 5796.4364     *     5750.7039 5750.8925 5751.2697 5751.2052 5750.8706 
J= 9 |5795.0932 5792.7760 5787.6402 5777.7801 5755.8297 5744.0820     *     5730.9774 5732.3745 5738.9475 5739.9502 5739.5313 
J=10 |5787.2799 5784.7743 5779.4879 5770.8393 5758.5734 5748.8972 5742.3234 5735.9381 5733.1783 5732.3839 5730.3046 5727.9613 
J=11 |5782.1638 5779.7434 5774.8867 5767.7042 5758.9155 5750.7986 5744.3379 5737.4618 5732.2056 5727.2933 5721.1121 5714.2658 
J=12 |5779.6563 5777.3371 5772.7996 5766.3632 5758.7742 5751.2321 5744.3119 5737.5542 5731.0774 5723.6611 5712.8313 5695.0678 

 layer = 3 Top to bottom
          1        2        3        4        5        6        7        8        9       10       11       12    
--------------------------------------------------------------------------------------------------------------------
J= 1 |5936.4155 5906.0684 5880.2057 5859.7866 5843.4732 5830.1581 5818.9907 5809.5787 5801.9486 5796.1661 5792.2849 5790.3374 
J= 2 |5905.5963 5889.5698 5871.2853 5854.7550 5840.6213 5828.4302 5817.5859 5808.0420 5800.3015 5794.4546 5790.5392 5788.5776 
J= 3 |5878.7404 5870.2953 5858.6001 5846.8401 5835.9848 5825.6922 5815.1711 5804.9239 5796.9561 5791.0002 5787.0276 5785.0442 
J= 4 |5856.7915 5852.2361 5845.3109 5837.9918 5831.0250 5823.4681 5812.7216 5799.7301 5791.7896 5785.7507 5781.7147 5779.7152 
J= 5 |5838.4503 5836.0620 5832.3969 5828.9787 5826.8957 5824.6567     *     5789.6780 5784.9101 5778.6862 5774.5532 5772.5746 
J= 6 |5822.6943 5821.3610 5819.4992 5818.8773 5823.1260 5823.7974     *     5784.5822 5779.6743 5769.7186 5765.4250 5763.6432 
J= 7 |5808.7814 5807.5836 5805.6790 5804.1330     *         *         *         *         *     5755.2763 5753.9730 5753.1180 
J= 8 |5796.4991 5794.8574 5791.7670 5788.0540 5787.6774 5787.4896     *     5741.7592 5741.9478 5742.3250 5742.2603 5741.9255 
J= 9 |5786.1495 5783.8313 5778.6947 5768.8345 5746.8849 5735.1376     *     5722.0336 5723.4306 5730.0032 5731.0048 5730.5831 
J=10 |5778.3341 5775.8284 5770.5421 5761.8938 5749.6284 5739.9526 5733.3790 5726.9940 5724.2342 5723.4384 5721.3507 5718.9726 
J=11 |5773.2177 5770.7974 5765.9409 5758.7587 5749.9704 5741.8539 5735.3934 5728.5176 5723.2606 5718.3396 5712.0862 5704.7759 
J=12 |5770.7103 5768.3911 5763.8539 5757.4178 5749.8291 5742.2873 5735.3674 5728.6097 5722.1296 5714.6727 5703.3416 5678.6595 

==================================================
TIME STEP 6 (Time: 70.0 days)
==================================================
Property: Pressure (PSI)

 layer = 1 Top to bottom
          1        2        3        4        5        6        7        8        9       10       11       12    
--------------------------------------------------------------------------------------------------------------------
J= 1 |5985.4289 5949.8301 5928.1675 5911.3927 5897.8566 5886.9496 5878.0360 5870.6364 5864.6278 5860.0433 5856.9499 5855.3928 
J= 2 |5949.4428 5935.5448 5920.5492 5906.9176 5895.2807 5885.4484 5876.8797 5869.3711 5863.2458 5858.5843 5855.4458 5853.8685 
J= 3 |5926.9794 5919.7444 5909.9308 5900.1498 5891.3420 5883.1960 5874.9224 5866.8007 5860.4351 5855.6341 5852.4129 5850.7997 
J= 4 |5908.9527 5904.8433 5898.8677 5892.8242 5887.3198 5881.4312 5872.9424 5862.5205 5856.0921 5851.1361 5847.8049 5846.1510 
J= 5 |5893.6740 5891.4390 5888.2780 5885.5575 5884.0598 5882.3934     *     5854.2816 5850.3086 5845.0460 5841.5530 5839.8820 
J= 6 |5880.5952 5879.3901 5877.8570 5877.4666 5881.0706 5881.7179     *     5850.0482 5845.8477 5837.2195 5833.5130 5831.9763 
J= 7 |5869.2442 5868.2482 5866.7194 5865.5133     *         *         *         *         *     5824.5054 5823.3378 5822.5686 
J= 8 |5859.3461 5857.9897 5855.4410 5852.4088 5852.3458 5852.3134     *     5812.8832 5812.9201 5812.9940 5812.7998 5812.4275 
J= 9 |5851.0031 5849.0497 5844.7128 5836.3728 5817.7769 5807.7076     *     5794.9525 5796.0500 5801.7872 5802.4774 5801.9536 
J=10 |5844.6776 5842.5408 5838.0269 5830.6285 5820.0986 5811.6266 5805.5448 5799.5006 5796.7244 5795.6667 5793.4171 5791.0298 
J=11 |5840.5244 5838.4434 5834.2598 5828.0507 5820.3982 5813.1925 5807.2344 5800.8188 5795.7206 5790.7917 5784.6267 5778.1470 
J=12 |5838.4863 5836.4826 5832.5530 5826.9517 5820.2871 5813.5479 5807.2010 5800.8584 5794.5965 5787.2854 5776.8976 5762.6692 

 layer = 2 Top to bottom
          1        2        3        4        5        6        7        8        9       10       11       12    
--------------------------------------------------------------------------------------------------------------------
J= 1 |5962.7406 5936.1026 5915.9373 5900.4093 5887.9762 5877.7099 5869.0296 5861.6640 5855.6520 5851.0657 5847.9720 5846.4150 
J= 2 |5935.7089 5922.9925 5909.0376 5896.5247 5885.7399 5876.3439 5867.8983 5860.3983 5854.2692 5849.6066 5846.4680 5844.8907 
J= 3 |5914.7110 5908.2018 5899.3361 5890.4157 5882.1377 5874.1914 5865.9501 5857.8259 5851.4579 5846.6564 5843.4352 5841.8221 
J= 4 |5897.8687 5894.3760 5889.1033 5883.5717 5878.2935 5872.4522 5863.9671 5853.5438 5847.1145 5842.1585 5838.8274 5837.1736 
J= 5 |5883.6744 5881.8220 5879.0444 5876.5272 5875.0747 5873.4135     *     5845.3041 5841.3311 5836.0686 5832.5758 5830.9049 
J= 6 |5871.2813 5870.2466 5868.8443 5868.4865 5872.0911 5872.7386     *     5841.0706 5836.8703 5828.2426 5824.5362 5822.9995 
J= 7 |5860.2190 5859.2632 5857.7507 5856.5396     *         *         *         *         *     5815.5291 5814.3615 5813.5923 
J= 8 |5850.3776 5849.0221 5846.4699 5843.4334 5843.3683 5843.3357     *     5803.9073 5803.9443 5804.0182 5803.8239 5803.4513 
J= 9 |5842.0312 5840.0762 5835.7378 5827.3969 5808.8012 5798.7321     *     5785.9776 5787.0750 5792.8117 5793.5007 5792.9737 
J=10 |5835.7015 5833.5645 5829.0504 5821.6521 5811.1225 5802.6508 5796.5693 5790.5254 5787.7491 5786.6897 5784.4302 5782.0055 
J=11 |5831.5475 5829.4665 5825.2830 5819.0742 5811.4220 5804.2167 5798.2588 5791.8434 5786.7442 5781.8049 5775.5621 5768.6769 
J=12 |5829.5092 5827.5057 5823.5762 5817.9752 5811.3110 5804.5721 5798.2254 5791.8827 5785.6169 5778.2614 5767.4277 5749.6588 

 layer = 3 Top to bottom
          1        2        3        4        5        6        7        8        9       10       11       12    
--------------------------------------------------------------------------------------------------------------------
J= 1 |5945.6613 5923.6080 5905.1785 5890.6420 5878.7492 5868.7146 5860.0888 5852.7247 5846.7094 5842.1221 5839.0283 5837.4713 
J= 2 |5923.2003 5911.8635 5898.9231 5887.0675 5876.6472 5867.3808 5858.9594 5851.4575 5845.3261 5840.6629 5837.5243 5835.9471 
J= 3 |5903.9048 5898.0631 5889.7828 5881.2529 5873.1469 5865.2463 5857.0101 5848.8836 5842.5144 5837.7128 5834.4917 5832.8787 
J= 4 |5888.0417 5884.8853 5879.9310 5874.5672 5869.3399 5863.5087 5855.0244 5844.6005 5838.1710 5833.2151 5829.8841 5828.2304 
J= 5 |5874.4044 5872.7083 5870.0495 5867.5735 5866.1281 5864.4683     *     5836.3606 5832.3877 5827.1254 5823.6328 5821.9620 
J= 6 |5862.2723 5861.2802 5859.9004 5859.5433 5863.1460 5863.7936     *     5832.1272 5827.9271 5819.2997 5815.5936 5814.0570 
J= 7 |5851.2807 5850.3281 5848.8139 5847.5981     *         *         *         *         *     5806.5868 5805.4193 5804.6501 
J= 8 |5841.4431 5840.0851 5837.5301 5834.4912 5834.4249 5834.3921     *     5794.9657 5795.0026 5795.0765 5794.8821 5794.5092 
J= 9 |5833.0911 5831.1351 5826.7959 5818.4546 5799.8595 5789.7907     *     5777.0367 5778.1341 5783.8703 5784.5584 5784.0285 
J=10 |5826.7591 5824.6219 5820.1078 5812.7097 5802.1805 5793.7092 5787.6280 5781.5843 5778.8080 5777.7471 5775.4791 5773.0193 
J=11 |5822.6046 5820.5237 5816.3404 5810.1318 5802.4800 5795.2750 5789.3174 5782.9022 5777.8022 5772.8540 5766.5383 5759.1861 
J=12 |5820.5664 5818.5629 5814.6336 5809.0329 5802.3689 5795.6303 5789.2840 5782.9413 5776.6721 5769.2754 5757.9372 5733.2006 

==================================================
TIME STEP 7 (Time: 80.0 days)
==================================================
Property: Pressure (PSI)

 layer = 1 Top to bottom
          1        2        3        4        5        6        7        8        9       10       11       12    
--------------------------------------------------------------------------------------------------------------------
J= 1 |5986.2413 5953.1286 5933.1404 5917.6443 5905.0183 5894.7089 5886.2035 5879.1467 5873.4328 5869.0730 5866.1284 5864.6454 
J= 2 |5952.7560 5939.9339 5926.1169 5913.4904 5902.5901 5893.2631 5885.0838 5877.9305 5872.1029 5867.6644 5864.6730 5863.1687 
J= 3 |5932.0002 5925.3454 5916.2780 5907.1576 5898.8494 5891.0906 5883.2009 5875.4639 5869.3974 5864.8147 5861.7366 5860.1941 
J= 4 |5915.3077 5911.5048 5905.9292 5900.2374 5895.0073 5889.3967 5881.3068 5871.3597 5865.2159 5860.4666 5857.2709 5855.6836 
J= 5 |5901.0122 5898.9068 5895.9060 5893.3109 5891.8933 5890.3177     *     5863.4659 5859.6461 5854.5711 5851.2032 5849.5922 
J= 6 |5888.6046 5887.4367 5885.9465 5885.5727 5889.0409 5889.6754     *     5859.3987 5855.3378 5846.9750 5843.3849 5841.8965 
J= 7 |5877.7297 5876.7565 5875.2780 5874.1287     *         *         *         *         *     5834.6125 5833.4715 5832.7190 
J= 8 |5868.2402 5866.9326 5864.4848 5861.5848 5861.5753 5861.5690     *     5823.3755 5823.3828 5823.3973 5823.1766 5822.7962 
J= 9 |5860.2662 5858.3846 5854.2064 5846.1682 5828.2355 5818.5005     *     5805.8297 5806.8637 5812.4247 5813.0494 5812.5032 
J=10 |5854.2273 5852.1646 5847.8054 5840.6568 5830.4729 5822.2426 5816.2628 5810.2903 5807.5106 5806.3975 5804.1114 5801.7091 
J=11 |5850.2617 5848.2490 5844.2009 5838.1874 5830.7631 5823.7415 5817.8863 5811.5658 5806.5005 5801.5674 5795.3939 5788.9172 
J=12 |5848.3152 5846.3753 5842.5683 5837.1354 5830.6575 5824.0811 5817.8514 5811.5945 5805.3772 5798.0820 5787.7069 5773.5344 

 layer = 2 Top to bottom
          1        2        3        4        5        6        7        8        9       10       11       12    
--------------------------------------------------------------------------------------------------------------------
J= 1 |5964.1186 5939.3911 5920.7921 5906.5089 5895.0180 5885.3991 5877.1797 5870.1800 5864.4652 5860.1030 5857.1581 5855.6750 
J= 2 |5939.0125 5927.2825 5914.4552 5902.9501 5892.9443 5884.1078 5876.0975 5868.9655 5863.1344 5858.6943 5855.7027 5854.1984 
J= 3 |5919.6135 5913.6516 5905.5268 5897.3022 5889.5722 5882.0675 5874.2343 5866.4977 5860.4280 5855.8446 5852.7664 5851.2240 
J= 4 |5904.0645 5900.8818 5896.0384 5890.9031 5885.9540 5880.4195 5872.3395 5862.3912 5856.2460 5851.4965 5848.3009 5846.7136 
J= 5 |5890.8746 5889.1705 5886.5906 5884.2507 5882.9077 5881.3438     *     5854.4960 5850.6761 5845.6013 5842.2334 5840.6226 
J= 6 |5879.2013 5878.2268 5876.9076 5876.5923 5880.0674 5880.7034     *     5850.4287 5846.3679 5838.0055 5834.4156 5832.9272 
J= 7 |5868.6738 5867.7588 5866.3134 5865.1631     *         *         *         *         *     5825.6436 5824.5027 5823.7502 
J= 8 |5859.2748 5857.9724 5855.5233 5852.6180 5852.6052 5852.5988     *     5814.4071 5814.4144 5814.4290 5814.2081 5813.8274 
J= 9 |5851.3031 5849.4200 5845.2400 5837.2004 5819.2675 5809.5325     *     5796.8622 5797.8961 5803.4565 5804.0800 5803.5305 
J=10 |5845.2593 5843.1961 5838.8366 5831.6880 5821.5043 5813.2744 5807.2948 5801.3225 5798.5427 5797.4279 5795.1315 5792.6906 
J=11 |5841.2923 5839.2797 5835.2316 5829.2183 5821.7944 5814.7731 5808.9182 5802.5978 5797.5315 5792.5876 5786.3338 5779.4416 
J=12 |5839.3456 5837.4058 5833.5990 5828.1664 5821.6888 5815.1127 5808.8833 5802.6263 5796.4049 5789.0638 5778.2314 5760.4738 

 layer = 3 Top to bottom
          1        2        3        4        5        6        7        8        9       10       11       12    
--------------------------------------------------------------------------------------------------------------------
J= 1 |5947.2677 5926.8758 5909.9882 5896.7083 5885.7596 5876.3891 5868.2377 5861.2445 5855.5267 5851.1632 5848.2181 5846.7351 
J= 2 |5926.4825 5916.1039 5904.2998 5893.4551 5883.8242 5875.1360 5867.1598 5860.0289 5854.1953 5849.7544 5846.7627 5845.2585 
J= 3 |5908.7583 5903.4696 5895.9330 5888.1048 5880.5669 5873.1204 5865.2978 5857.5597 5851.4885 5846.9047 5843.8266 5842.2842 
J= 4 |5894.1980 5891.3494 5886.8296 5881.8814 5876.9956 5871.4780 5863.4009 5853.4520 5847.3063 5842.5568 5839.3613 5837.7741 
J= 5 |5881.5667 5880.0241 5877.5791 5875.2918 5873.9618 5872.4017     *     5845.5564 5841.7365 5836.6618 5833.2941 5831.6833 
J= 6 |5870.1722 5869.2485 5867.9606 5867.6503 5871.1254 5871.7620     *     5841.4890 5837.4284 5829.0664 5825.4766 5823.9883 
J= 7 |5859.7322 5858.8240 5857.3801 5856.2258     *         *         *         *         *     5816.7050 5815.5642 5814.8117 
J= 8 |5850.3441 5849.0400 5846.5882 5843.6800 5843.6656 5843.6590     *     5805.4691 5805.4764 5805.4909 5805.2700 5804.8890 
J= 9 |5842.3676 5840.4834 5836.3023 5828.2621 5810.3295 5800.5948     *     5787.9251 5788.9589 5794.5188 5795.1414 5794.5890 
J=10 |5836.3208 5834.2575 5829.8979 5822.7493 5812.5660 5804.3364 5798.3571 5792.3851 5789.6052 5788.4890 5786.1840 5783.7076 
J=11 |5832.3532 5830.3406 5826.2927 5820.2797 5812.8561 5805.8351 5799.9805 5793.6603 5788.5931 5783.6402 5777.3128 5769.9501 
J=12 |5830.4065 5828.4667 5824.6601 5819.2277 5812.7505 5806.1747 5799.9456 5793.6885 5787.4637 5780.0809 5768.7402 5743.9527 

==================================================
TIME STEP 8 (Time: 90.0 days)
==================================================
Property: Pressure (PSI)

 layer = 1 Top to bottom
          1        2        3        4        5        6        7        8        9       10       11       12    
--------------------------------------------------------------------------------------------------------------------
J= 1 |5986.3822 5954.0182 5934.6335 5919.6087 5907.2744 5897.0946 5888.6276 5881.5994 5875.9309 5871.6119 5868.6948 5867.2254 
J= 2 |5953.6487 5941.2114 5927.8369 5915.5711 5904.8850 5895.6498 5887.5019 5880.3885 5874.6107 5870.2129 5867.2486 5865.7577 
J= 3 |5933.5052 5927.0746 5918.2852 5909.3760 5901.1845 5893.4726 5885.6189 5877.9390 5871.9251 5867.3824 5864.3304 5862.8009 
J= 4 |5917.3025 5913.6130 5908.1644 5902.5568 5897.3648 5891.7771 5883.7372 5873.8677 5867.7742 5863.0624 5859.8914 5858.3162 
J= 5 |5903.3238 5901.2502 5898.2748 5895.6846 5894.2627 5892.6928     *     5866.0357 5862.2438 5857.2032 5853.8581 5852.2581 
J= 6 |5891.0601 5889.8839 5888.3737 5887.9836 5891.4248 5892.0557     *     5861.9990 5857.9637 5849.6499 5846.0813 5844.6018 
J= 7 |5880.2247 5879.2369 5877.7457 5876.6006     *         *         *         *         *     5837.3527 5836.2169 5835.4677 
J= 8 |5870.7579 5869.4515 5867.0174 5864.1437 5864.1451 5864.1435     *     5826.1869 5826.1888 5826.1927 5825.9677 5825.5863 
J= 9 |5862.8323 5860.9635 5856.8153 5848.8346 5831.0228 5821.3503     *     5808.7082 5809.7326 5815.2635 5815.8778 5815.3287 
J=10 |5856.8446 5854.7963 5850.4670 5843.3661 5833.2471 5825.0636 5819.1068 5813.1519 5810.3748 5809.2547 5806.9648 5804.5622 
J=11 |5852.9146 5850.9152 5846.8932 5840.9172 5833.5368 5826.5518 5820.7194 5814.4198 5809.3643 5804.4345 5798.2651 5791.7985 
J=12 |5850.9855 5849.0579 5845.2745 5839.8743 5833.4328 5826.8890 5820.6844 5814.4468 5808.2418 5800.9549 5790.5947 5776.4782 

 layer = 2 Top to bottom
          1        2        3        4        5        6        7        8        9       10       11       12    
--------------------------------------------------------------------------------------------------------------------
J= 1 |5964.3871 5940.2446 5922.1745 5908.3187 5897.1446 5887.7080 5879.5791 5872.6359 5866.9706 5862.6488 5859.7311 5858.2617 
J= 2 |5939.8693 5928.4668 5916.0291 5904.8758 5895.1284 5886.4355 5878.5046 5871.4298 5865.6496 5861.2496 5858.2849 5856.7941 
J= 3 |5921.0087 5915.2340 5907.3718 5899.3923 5891.8281 5884.4226 5876.6549 5868.9806 5862.9630 5858.4189 5855.3668 5853.8373 
J= 4 |5905.8996 5902.8276 5898.1400 5893.1352 5888.2758 5882.7976 5874.7770 5864.9067 5858.8112 5854.0990 5850.9280 5849.3529 
J= 5 |5893.0385 5891.3876 5888.8709 5886.5856 5885.2720 5883.7234     *     5857.0728 5853.2805 5848.2399 5844.8950 5843.2951 
J= 6 |5881.5593 5880.5981 5879.2985 5878.9975 5882.4557 5883.0898     *     5853.0356 5849.0004 5840.6870 5837.1186 5835.6392 
J= 7 |5871.1281 5870.2176 5868.7807 5867.6420     *         *         *         *         *     5828.3904 5827.2547 5826.5055 
J= 8 |5861.7910 5860.4963 5858.0646 5855.1850 5855.1817 5855.1799     *     5817.2251 5817.2271 5817.2310 5817.0058 5816.6241 
J= 9 |5853.8771 5852.0073 5847.8572 5839.8743 5822.0619 5812.3891     *     5799.7474 5800.7716 5806.3020 5806.9151 5806.3624 
J=10 |5847.8840 5845.8351 5841.5053 5834.4040 5824.2852 5816.1020 5810.1454 5804.1907 5801.4135 5800.2916 5797.9911 5795.5489 
J=11 |5843.9520 5841.9525 5837.9306 5831.9548 5824.5747 5817.5900 5811.7579 5805.4585 5800.4019 5795.4610 5789.2088 5782.3173 
J=12 |5842.0226 5840.0950 5836.3119 5830.9119 5824.4707 5817.9273 5811.7229 5805.4852 5799.2759 5791.9418 5781.1135 5763.3742 

 layer = 3 Top to bottom
          1        2        3        4        5        6        7        8        9       10       11       12    
--------------------------------------------------------------------------------------------------------------------
J= 1 |5947.5625 5927.6786 5911.3079 5898.4723 5887.8510 5878.6819 5870.6348 5863.7034 5858.0356 5853.7122 5850.7942 5849.3248 
J= 2 |5927.2882 5917.2211 5905.8177 5895.3370 5885.9785 5877.4540 5869.5671 5862.4967 5856.7140 5852.3129 5849.3481 5847.8572 
J= 3 |5910.0872 5904.9939 5897.7305 5890.1579 5882.8073 5875.4722 5867.7211 5860.0464 5854.0268 5849.4822 5846.4301 5844.9007 
J= 4 |5895.9810 5893.2474 5888.8920 5884.0951 5879.3116 5873.8567 5865.8417 5855.9710 5849.8747 5845.1624 5841.9915 5840.4164 
J= 5 |5883.6883 5882.2057 5879.8413 5877.6203 5876.3252 5874.7832     *     5848.1364 5844.3440 5839.3036 5835.9587 5834.3590 
J= 6 |5872.5080 5871.6067 5870.3471 5870.0553 5873.5157 5874.1511     *     5844.0990 5840.0640 5831.7510 5828.1827 5826.7034 
J= 7 |5862.1818 5861.2818 5859.8499 5858.7080     *         *         *         *         *     5819.4550 5818.3193 5817.5701 
J= 8 |5852.8630 5851.5676 5849.1338 5846.2508 5846.2452 5846.2432     *     5808.2902 5808.2922 5808.2960 5808.0708 5807.6889 
J= 9 |5844.9456 5843.0747 5838.9234 5830.9396 5813.1272 5803.4546     *     5790.8133 5791.8375 5797.3674 5797.9795 5797.4239 
J=10 |5838.9490 5836.8998 5832.5698 5825.4686 5815.3500 5807.1672 5801.2109 5795.2565 5792.4791 5791.3558 5789.0465 5786.5684 
J=11 |5835.0160 5833.0166 5828.9948 5823.0193 5815.6395 5808.6551 5802.8233 5796.5241 5791.4666 5786.5165 5780.1900 5772.8241 
J=12 |5833.0865 5831.1590 5827.3761 5821.9763 5815.5355 5808.9924 5802.7882 5796.5505 5790.3378 5782.9616 5771.6208 5746.7814 

==================================================
TIME STEP 9 (Time: 100.0 days)
==================================================
Property: Pressure (PSI)

 layer = 1 Top to bottom
          1        2        3        4        5        6        7        8        9       10       11       12    
--------------------------------------------------------------------------------------------------------------------
J= 1 |5986.4043 5954.4444 5935.4421 5920.7279 5908.5748 5898.4504 5889.9670 5882.9112 5877.2400 5872.9281 5870.0167 5868.5501 
J= 2 |5954.0757 5941.8798 5928.7964 5916.7677 5906.2063 5897.0008 5888.8290 5881.6963 5875.9214 5871.5312 5868.5724 5867.0842 
J= 3 |5934.3185 5928.0383 5919.4354 5910.6581 5902.5235 5894.8097 5886.9309 5879.2459 5873.2397 5868.7047 5865.6580 5864.1310 
J= 4 |5918.4368 5914.8245 5909.4562 5903.8919 5898.7071 5893.1021 5885.0460 5875.1805 5869.0953 5864.3906 5861.2244 5859.6517 
J= 5 |5904.6560 5902.5992 5899.6315 5897.0344 5895.5980 5894.0176     *     5867.3593 5863.5727 5858.5387 5855.1981 5853.6003 
J= 6 |5892.4535 5891.2651 5889.7301 5889.3212 5892.7520 5893.3802     *     5863.3285 5859.2982 5850.9940 5847.4297 5845.9521 
J= 7 |5881.5926 5880.5854 5879.0686 5877.9146     *         *         *         *         *     5838.7098 5837.5753 5836.8269 
J= 8 |5872.0805 5870.7644 5868.3241 5865.4553 5865.4607 5865.4601     *     5827.5577 5827.5587 5827.5606 5827.3354 5826.9543 
J= 9 |5864.1392 5862.2710 5858.1277 5850.1588 5832.3681 5822.7084     *     5810.0862 5811.1112 5816.6392 5817.2535 5816.7049 
J=10 |5858.1578 5856.1125 5851.7896 5844.6989 5834.5932 5826.4209 5820.4730 5814.5260 5811.7529 5810.6348 5808.3471 5805.9470 
J=11 |5854.2353 5852.2388 5848.2226 5842.2551 5834.8847 5827.9092 5822.0853 5815.7931 5810.7431 5805.8180 5799.6546 5793.1988 
J=12 |5852.3100 5850.3851 5846.6072 5841.2144 5834.7817 5828.2468 5822.0503 5815.8201 5809.6214 5802.3413 5791.9955 5777.9321 

 layer = 2 Top to bottom
          1        2        3        4        5        6        7        8        9       10       11       12    
--------------------------------------------------------------------------------------------------------------------
J= 1 |5964.4553 5940.6343 5922.8830 5909.2889 5898.3128 5888.9834 5880.8865 5873.9473 5868.2860 5863.9710 5861.0587 5859.5920 
J= 2 |5940.2602 5929.0517 5916.8522 5905.9190 5896.3369 5887.7215 5879.8134 5872.7415 5866.9667 5862.5739 5859.6144 5858.1262 
J= 3 |5921.7229 5916.0612 5908.3639 5900.5448 5893.0848 5885.7244 5877.9654 5870.2943 5864.2839 5859.7471 5856.7001 5855.1731 
J= 4 |5906.8818 5903.8796 5899.2968 5894.3812 5889.5748 5884.1146 5876.0913 5866.2266 5860.1384 5855.4330 5852.2667 5850.6940 
J= 5 |5894.2212 5892.6083 5890.1361 5887.8886 5886.5968 5885.0505     *     5858.4024 5854.6152 5849.5812 5846.2407 5844.6430 
J= 6 |5882.8510 5881.8971 5880.6090 5880.3226 5883.7852 5884.4192     *     5854.3708 5850.3406 5842.0368 5838.4727 5836.9951 
J= 7 |5872.4459 5871.5346 5870.0968 5868.9607     *         *         *         *         *     5829.7532 5828.6187 5827.8703 
J= 8 |5863.1060 5861.8098 5859.3784 5856.5042 5856.5030 5856.5021     *     5818.6017 5818.6026 5818.6045 5818.3792 5817.9978 
J= 9 |5855.1903 5853.3222 5849.1773 5841.2055 5823.4135 5813.7531     *     5801.1311 5802.1559 5807.6834 5808.2964 5807.7442 
J=10 |5849.2037 5847.1578 5842.8342 5835.7429 5825.6371 5817.4650 5811.5174 5805.5706 5802.7974 5801.6773 5799.3787 5796.9379 
J=11 |5845.2786 5843.2820 5839.2658 5833.2984 5825.9283 5818.9532 5813.1295 5806.8375 5801.7864 5796.8498 5790.6014 5783.7118 
J=12 |5843.3528 5841.4280 5837.6502 5832.2577 5825.8253 5819.2908 5813.0946 5806.8642 5800.6611 5793.3325 5782.5085 5764.7902 

 layer = 3 Top to bottom
          1        2        3        4        5        6        7        8        9       10       11       12    
--------------------------------------------------------------------------------------------------------------------
J= 1 |5947.6201 5928.0112 5911.9479 5899.3945 5888.9839 5879.9396 5871.9384 5865.0166 5859.3539 5855.0370 5852.1242 5850.6575 
J= 2 |5927.6217 5917.7342 5906.5815 5896.3372 5887.1561 5878.7288 5870.8745 5863.8108 5858.0339 5853.6397 5850.6800 5849.1918 
J= 3 |5910.7301 5905.7595 5898.6755 5891.2732 5884.0467 5876.7694 5869.0328 5861.3632 5855.3505 5850.8129 5847.7658 5846.2389 
J= 4 |5896.9088 5894.2523 5890.0097 5885.3207 5880.6036 5875.1726 5867.1585 5857.2939 5851.2045 5846.4988 5843.3326 5841.7600 
J= 5 |5884.8289 5883.3896 5881.0863 5878.9159 5877.6475 5876.1112     *     5849.4686 5845.6812 5840.6473 5837.3069 5835.7093 
J= 6 |5873.7751 5872.8902 5871.6516 5871.3781 5874.8461 5875.4825     *     5845.4367 5841.4067 5833.1032 5829.5392 5828.0618 
J= 7 |5863.4931 5862.5959 5861.1668 5860.0291     *         *         *         *         *     5820.8202 5819.6858 5818.9374 
J= 8 |5854.1791 5852.8835 5850.4511 5847.5732 5847.5689 5847.5678     *     5809.6692 5809.6702 5809.6721 5809.4467 5809.0650 
J= 9 |5846.2621 5844.3930 5840.2469 5832.2739 5814.4816 5804.8211     *     5792.1995 5793.2243 5798.7513 5799.3633 5798.8081 
J=10 |5840.2716 5838.2253 5833.9015 5826.8101 5816.7045 5808.5326 5802.5853 5796.6388 5793.8655 5792.7440 5790.4364 5787.9593 
J=11 |5836.3452 5834.3486 5830.3325 5824.3653 5816.9955 5810.0208 5804.1973 5797.9055 5792.8535 5787.9076 5781.5841 5774.2162 
J=12 |5834.4192 5832.4945 5828.7169 5823.3246 5816.8926 5810.3583 5804.1624 5797.9319 5791.7253 5784.3542 5773.0133 5748.1202 
