
==================================================
TIME STEP 0 (Time: 10.0 days)
==================================================
Property: water saturation

 layer = 1 Top to bottom
          1        2        3        4        5        6        7        8        9       10       11       12    
--------------------------------------------------------------------------------------------------------------------
J= 1 |  0.4428   0.2956   0.1939   0.1431   0.1290   0.1265   0.1262   0.1262   0.1262   0.1262   0.1262   0.1262 
J= 2 |  0.2960   0.2088   0.1525   0.1316   0.1270   0.1263   0.1262   0.1262   0.1262   0.1262   0.1262   0.1262 
J= 3 |  0.1951   0.1530   0.1329   0.1273   0.1263   0.1262   0.1262   0.1262   0.1262   0.1262   0.1262   0.1262 
J= 4 |  0.1442   0.1320   0.1274   0.1264   0.1262   0.1262   0.1262   0.1262   0.1262   0.1262   0.1262   0.1262 
J= 5 |  0.1295   0.1271   0.1264   0.1262   0.1262   0.1262     *       0.1262   0.1262   0.1262   0.1262   0.1262 
J= 6 |  0.1267   0.1263   0.1262   0.1262   0.1262   0.1262     *       0.1262   0.1262   0.1262   0.1262   0.1262 
J= 7 |  0.1262   0.1262   0.1262   0.1262     *         *         *         *         *       0.1261   0.1261   0.1261 
J= 8 |  0.1262   0.1262   0.1262   0.1262   0.1262   0.1262     *       0.1261   0.1261   0.1261   0.1261   0.1261 
J= 9 |  0.1262   0.1262   0.1262   0.1262   0.1261   0.1261     *       0.1261   0.1261   0.1261   0.1261   0.1261 
J=10 |  0.1262   0.1262   0.1262   0.1262   0.1261   0.1261   0.1261   0.1261   0.1261   0.1261   0.1261   0.1262 
J=11 |  0.1262   0.1262   0.1262   0.1262   0.1261   0.1261   0.1261   0.1261   0.1261   0.1261   0.1262   0.1264 
J=12 |  0.1262   0.1262   0.1262   0.1261   0.1261   0.1261   0.1261   0.1261   0.1261   0.1262   0.1264   0.1283 

 layer = 2 Top to bottom
          1        2        3        4        5        6        7        8        9       10       11       12    
--------------------------------------------------------------------------------------------------------------------
J= 1 |  0.3354   0.2220   0.1480   0.1240   0.1196   0.1190   0.1189   0.1189   0.1189   0.1189   0.1189   0.1189 
J= 2 |  0.2225   0.1557   0.1272   0.1202   0.1191   0.1189   0.1189   0.1189   0.1189   0.1189   0.1189   0.1189 
J= 3 |  0.1487   0.1274   0.1205   0.1191   0.1190   0.1189   0.1189   0.1189   0.1189   0.1189   0.1189   0.1189 
J= 4 |  0.1244   0.1203   0.1192   0.1190   0.1189   0.1189   0.1189   0.1189   0.1189   0.1189   0.1189   0.1189 
J= 5 |  0.1197   0.1191   0.1190   0.1189   0.1189   0.1189     *       0.1189   0.1189   0.1189   0.1189   0.1189 
J= 6 |  0.1190   0.1190   0.1189   0.1189   0.1189   0.1189     *       0.1189   0.1189   0.1189   0.1189   0.1189 
J= 7 |  0.1189   0.1189   0.1189   0.1189     *         *         *         *         *       0.1189   0.1189   0.1189 
J= 8 |  0.1189   0.1189   0.1189   0.1189   0.1189   0.1189     *       0.1189   0.1189   0.1189   0.1189   0.1189 
J= 9 |  0.1189   0.1189   0.1189   0.1189   0.1189   0.1189     *       0.1189   0.1189   0.1189   0.1189   0.1189 
J=10 |  0.1189   0.1189   0.1189   0.1189   0.1189   0.1189   0.1189   0.1189   0.1189   0.1189   0.1189   0.1189 
J=11 |  0.1189   0.1189   0.1189   0.1189   0.1189   0.1189   0.1189   0.1189   0.1189   0.1189   0.1189   0.1190 
J=12 |  0.1189   0.1189   0.1189   0.1189   0.1189   0.1189   0.1189   0.1189   0.1189   0.1189   0.1190   0.1200 

 layer = 3 Top to bottom
          1        2        3        4        5        6        7        8        9       10       11       12    
--------------------------------------------------------------------------------------------------------------------
J= 1 |  0.2302   0.1528   0.1240   0.1166   0.1155   0.1154   0.1154   0.1153   0.1153   0.1153   0.1153   0.1153 
J= 2 |  0.1531   0.1262   0.1173   0.1156   0.1154   0.1154   0.1154   0.1153   0.1153   0.1153   0.1153   0.1153 
J= 3 |  0.1242   0.1174   0.1157   0.1154   0.1154   0.1154   0.1154   0.1153   0.1153   0.1153   0.1153   0.1153 
J= 4 |  0.1167   0.1156   0.1154   0.1154   0.1154   0.1154   0.1154   0.1153   0.1153   0.1153   0.1153   0.1153 
J= 5 |  0.1155   0.1154   0.1154   0.1154   0.1154   0.1154     *       0.1153   0.1153   0.1153   0.1153   0.1153 
J= 6 |  0.1154   0.1154   0.1154   0.1154   0.1154   0.1154     *       0.1153   0.1153   0.1153   0.1153   0.1153 
J= 7 |  0.1154   0.1153   0.1153   0.1153     *         *         *         *         *       0.1153   0.1153   0.1153 
J= 8 |  0.1153   0.1153   0.1153   0.1153   0.1153   0.1153     *       0.1153   0.1153   0.1153   0.1153   0.1153 
J= 9 |  0.1153   0.1153   0.1153   0.1153   0.1153   0.1153     *       0.1153   0.1153   0.1153   0.1153   0.1153 
J=10 |  0.1153   0.1153   0.1153   0.1153   0.1153   0.1153   0.1153   0.1153   0.1153   0.1153   0.1153   0.1153 
J=11 |  0.1153   0.1153   0.1153   0.1153   0.1153   0.1153   0.1153   0.1153   0.1153   0.1153   0.1153   0.1153 
J=12 |  0.1153   0.1153   0.1153   0.1153   0.1153   0.1153   0.1153   0.1153   0.1153   0.1153   0.1153   0.1167 

==================================================
TIME STEP 1 (Time: 20.0 days)
==================================================
Property: water saturation

 layer = 1 Top to bottom
          1        2        3        4        5        6        7        8        9       10       11       12    
--------------------------------------------------------------------------------------------------------------------
J= 1 |  0.5441   0.4034   0.2827   0.1894   0.1453   0.1338   0.1319   0.1316   0.1316   0.1316   0.1316   0.1316 
J= 2 |  0.4039   0.3055   0.2141   0.1567   0.1365   0.1323   0.1317   0.1316   0.1316   0.1316   0.1316   0.1316 
J= 3 |  0.2847   0.2153   0.1620   0.1386   0.1327   0.1317   0.1316   0.1316   0.1316   0.1316   0.1316   0.1316 
J= 4 |  0.1926   0.1582   0.1389   0.1329   0.1318   0.1316   0.1316   0.1316   0.1316   0.1316   0.1315   0.1315 
J= 5 |  0.1474   0.1373   0.1329   0.1318   0.1316   0.1316     *       0.1316   0.1316   0.1315   0.1315   0.1315 
J= 6 |  0.1345   0.1326   0.1318   0.1316   0.1316   0.1316     *       0.1316   0.1315   0.1315   0.1315   0.1315 
J= 7 |  0.1320   0.1317   0.1316   0.1316     *         *         *         *         *       0.1315   0.1315   0.1315 
J= 8 |  0.1316   0.1316   0.1316   0.1316   0.1316   0.1316     *       0.1315   0.1315   0.1315   0.1315   0.1315 
J= 9 |  0.1316   0.1316   0.1316   0.1315   0.1315   0.1315     *       0.1315   0.1315   0.1315   0.1315   0.1315 
J=10 |  0.1315   0.1315   0.1315   0.1315   0.1315   0.1315   0.1315   0.1315   0.1315   0.1315   0.1315   0.1316 
J=11 |  0.1315   0.1315   0.1315   0.1315   0.1315   0.1315   0.1315   0.1315   0.1315   0.1315   0.1316   0.1322 
J=12 |  0.1315   0.1315   0.1315   0.1315   0.1315   0.1315   0.1315   0.1315   0.1315   0.1316   0.1322   0.1379 

 layer = 2 Top to bottom
          1        2        3        4        5        6        7        8        9       10       11       12    
--------------------------------------------------------------------------------------------------------------------
J= 1 |  0.4462   0.3166   0.2007   0.1383   0.1206   0.1177   0.1174   0.1174   0.1174   0.1173   0.1173   0.1173 
J= 2 |  0.3174   0.2191   0.1503   0.1238   0.1182   0.1175   0.1174   0.1174   0.1174   0.1173   0.1173   0.1173 
J= 3 |  0.2025   0.1510   0.1254   0.1186   0.1175   0.1174   0.1174   0.1174   0.1173   0.1173   0.1173   0.1173 
J= 4 |  0.1399   0.1243   0.1187   0.1175   0.1174   0.1174   0.1174   0.1174   0.1173   0.1173   0.1173   0.1173 
J= 5 |  0.1212   0.1184   0.1175   0.1174   0.1174   0.1174     *       0.1173   0.1173   0.1173   0.1173   0.1173 
J= 6 |  0.1179   0.1175   0.1174   0.1174   0.1174   0.1174     *       0.1173   0.1173   0.1173   0.1173   0.1173 
J= 7 |  0.1174   0.1174   0.1174   0.1174     *         *         *         *         *       0.1173   0.1173   0.1173 
J= 8 |  0.1174   0.1174   0.1173   0.1173   0.1173   0.1173     *       0.1173   0.1173   0.1173   0.1173   0.1173 
J= 9 |  0.1173   0.1173   0.1173   0.1173   0.1173   0.1173     *       0.1173   0.1173   0.1173   0.1173   0.1173 
J=10 |  0.1173   0.1173   0.1173   0.1173   0.1173   0.1173   0.1173   0.1173   0.1173   0.1173   0.1173   0.1173 
J=11 |  0.1173   0.1173   0.1173   0.1173   0.1173   0.1173   0.1173   0.1173   0.1173   0.1173   0.1174   0.1176 
J=12 |  0.1173   0.1173   0.1173   0.1173   0.1173   0.1173   0.1173   0.1173   0.1173   0.1173   0.1176   0.1200 

 layer = 3 Top to bottom
          1        2        3        4        5        6        7        8        9       10       11       12    
--------------------------------------------------------------------------------------------------------------------
J= 1 |  0.3183   0.2081   0.1416   0.1175   0.1127   0.1120   0.1120   0.1120   0.1120   0.1119   0.1119   0.1119 
J= 2 |  0.2087   0.1487   0.1207   0.1133   0.1121   0.1120   0.1120   0.1120   0.1119   0.1119   0.1119   0.1119 
J= 3 |  0.1425   0.1210   0.1137   0.1122   0.1120   0.1120   0.1120   0.1120   0.1119   0.1119   0.1119   0.1119 
J= 4 |  0.1180   0.1134   0.1122   0.1120   0.1120   0.1120   0.1120   0.1120   0.1119   0.1119   0.1119   0.1119 
J= 5 |  0.1128   0.1121   0.1120   0.1120   0.1120   0.1120     *       0.1119   0.1119   0.1119   0.1119   0.1119 
J= 6 |  0.1121   0.1120   0.1120   0.1120   0.1120   0.1120     *       0.1119   0.1119   0.1119   0.1119   0.1119 
J= 7 |  0.1120   0.1120   0.1120   0.1120     *         *         *         *         *       0.1119   0.1119   0.1119 
J= 8 |  0.1119   0.1119   0.1119   0.1119   0.1119   0.1119     *       0.1119   0.1119   0.1119   0.1119   0.1119 
J= 9 |  0.1119   0.1119   0.1119   0.1119   0.1119   0.1119     *       0.1119   0.1119   0.1119   0.1119   0.1119 
J=10 |  0.1119   0.1119   0.1119   0.1119   0.1119   0.1119   0.1119   0.1119   0.1119   0.1119   0.1119   0.1119 
J=11 |  0.1119   0.1119   0.1119   0.1119   0.1119   0.1119   0.1119   0.1119   0.1119   0.1119   0.1119   0.1119 
J=12 |  0.1119   0.1119   0.1119   0.1119   0.1119   0.1119   0.1119   0.1119   0.1119   0.1119   0.1119   0.1188 

==================================================
TIME STEP 2 (Time: 30.0 days)
==================================================
Property: water saturation

 layer = 1 Top to bottom
          1        2        3        4        5        6        7        8        9       10       11       12    
--------------------------------------------------------------------------------------------------------------------
J= 1 |  0.5926   0.4686   0.3557   0.2470   0.1724   0.1438   0.1374   0.1364   0.1362   0.1362   0.1362   0.1362 
J= 2 |  0.4692   0.3792   0.2819   0.1969   0.1521   0.1391   0.1366   0.1363   0.1362   0.1362   0.1362   0.1362 
J= 3 |  0.3580   0.2836   0.2075   0.1583   0.1407   0.1369   0.1363   0.1362   0.1362   0.1362   0.1362   0.1362 
J= 4 |  0.2519   0.2001   0.1593   0.1414   0.1370   0.1363   0.1362   0.1362   0.1362   0.1362   0.1362   0.1362 
J= 5 |  0.1772   0.1545   0.1413   0.1371   0.1363   0.1362     *       0.1362   0.1362   0.1362   0.1362   0.1362 
J= 6 |  0.1461   0.1400   0.1371   0.1363   0.1362   0.1362     *       0.1362   0.1362   0.1362   0.1362   0.1362 
J= 7 |  0.1380   0.1369   0.1364   0.1362     *         *         *         *         *       0.1362   0.1362   0.1362 
J= 8 |  0.1365   0.1363   0.1362   0.1362   0.1362   0.1362     *       0.1362   0.1362   0.1362   0.1362   0.1362 
J= 9 |  0.1362   0.1362   0.1362   0.1362   0.1362   0.1361     *       0.1361   0.1361   0.1362   0.1362   0.1362 
J=10 |  0.1362   0.1362   0.1362   0.1362   0.1362   0.1362   0.1362   0.1362   0.1362   0.1362   0.1362   0.1363 
J=11 |  0.1362   0.1362   0.1362   0.1362   0.1362   0.1362   0.1362   0.1362   0.1362   0.1362   0.1364   0.1375 
J=12 |  0.1362   0.1362   0.1362   0.1362   0.1362   0.1362   0.1362   0.1362   0.1362   0.1363   0.1376   0.1486 

 layer = 2 Top to bottom
          1        2        3        4        5        6        7        8        9       10       11       12    
--------------------------------------------------------------------------------------------------------------------
J= 1 |  0.5079   0.3842   0.2573   0.1637   0.1252   0.1169   0.1158   0.1157   0.1157   0.1157   0.1157   0.1157 
J= 2 |  0.3850   0.2819   0.1873   0.1341   0.1186   0.1160   0.1157   0.1157   0.1157   0.1157   0.1157   0.1157 
J= 3 |  0.2600   0.1887   0.1385   0.1200   0.1163   0.1157   0.1157   0.1157   0.1157   0.1157   0.1157   0.1157 
J= 4 |  0.1670   0.1355   0.1202   0.1164   0.1157   0.1157   0.1157   0.1157   0.1157   0.1157   0.1157   0.1156 
J= 5 |  0.1269   0.1192   0.1163   0.1158   0.1157   0.1157     *       0.1157   0.1157   0.1156   0.1156   0.1156 
J= 6 |  0.1174   0.1162   0.1158   0.1157   0.1157   0.1157     *       0.1157   0.1156   0.1156   0.1156   0.1156 
J= 7 |  0.1159   0.1157   0.1157   0.1157     *         *         *         *         *       0.1156   0.1156   0.1156 
J= 8 |  0.1157   0.1157   0.1157   0.1157   0.1157   0.1157     *       0.1156   0.1156   0.1156   0.1156   0.1156 
J= 9 |  0.1157   0.1157   0.1157   0.1156   0.1156   0.1156     *       0.1156   0.1156   0.1156   0.1156   0.1156 
J=10 |  0.1156   0.1156   0.1156   0.1156   0.1156   0.1156   0.1156   0.1156   0.1156   0.1156   0.1156   0.1157 
J=11 |  0.1156   0.1156   0.1156   0.1156   0.1156   0.1156   0.1156   0.1156   0.1156   0.1156   0.1157   0.1160 
J=12 |  0.1156   0.1156   0.1156   0.1156   0.1156   0.1156   0.1156   0.1156   0.1156   0.1157   0.1160   0.1199 

 layer = 3 Top to bottom
          1        2        3        4        5        6        7        8        9       10       11       12    
--------------------------------------------------------------------------------------------------------------------
J= 1 |  0.3803   0.2614   0.1687   0.1235   0.1115   0.1097   0.1095   0.1094   0.1094   0.1094   0.1094   0.1094 
J= 2 |  0.2623   0.1817   0.1313   0.1135   0.1100   0.1095   0.1094   0.1094   0.1094   0.1094   0.1094   0.1094 
J= 3 |  0.1704   0.1318   0.1145   0.1102   0.1095   0.1094   0.1094   0.1094   0.1094   0.1094   0.1094   0.1094 
J= 4 |  0.1248   0.1138   0.1102   0.1095   0.1095   0.1094   0.1094   0.1094   0.1094   0.1094   0.1094   0.1094 
J= 5 |  0.1119   0.1101   0.1095   0.1095   0.1094   0.1094     *       0.1094   0.1094   0.1094   0.1094   0.1094 
J= 6 |  0.1097   0.1095   0.1095   0.1094   0.1094   0.1094     *       0.1094   0.1094   0.1094   0.1094   0.1094 
J= 7 |  0.1095   0.1094   0.1094   0.1094     *         *         *         *         *       0.1094   0.1094   0.1094 
J= 8 |  0.1094   0.1094   0.1094   0.1094   0.1094   0.1094     *       0.1094   0.1094   0.1094   0.1094   0.1094 
J= 9 |  0.1094   0.1094   0.1094   0.1094   0.1094   0.1094     *       0.1094   0.1094   0.1094   0.1094   0.1094 
J=10 |  0.1094   0.1094   0.1094   0.1094   0.1094   0.1094   0.1094   0.1094   0.1094   0.1094   0.1094   0.1094 
J=11 |  0.1094   0.1094   0.1094   0.1094   0.1094   0.1094   0.1094   0.1094   0.1094   0.1094   0.1094   0.1094 
J=12 |  0.1094   0.1094   0.1094   0.1094   0.1094   0.1094   0.1094   0.1094   0.1094   0.1094   0.1094   0.1238 

==================================================
TIME STEP 3 (Time: 40.0 days)
==================================================
Property: water saturation

 layer = 1 Top to bottom
          1        2        3        4        5        6        7        8        9       10       11       12    
--------------------------------------------------------------------------------------------------------------------
J= 1 |  0.6211   0.5117   0.4110   0.3035   0.2089   0.1585   0.1436   0.1407   0.1402   0.1402   0.1402   0.1402 
J= 2 |  0.5122   0.4328   0.3418   0.2455   0.1761   0.1482   0.1416   0.1404   0.1402   0.1402   0.1402   0.1402 
J= 3 |  0.4134   0.3436   0.2601   0.1883   0.1524   0.1424   0.1406   0.1402   0.1402   0.1402   0.1402   0.1402 
J= 4 |  0.3094   0.2500   0.1902   0.1544   0.1427   0.1406   0.1403   0.1402   0.1402   0.1402   0.1402   0.1402 
J= 5 |  0.2166   0.1809   0.1541   0.1430   0.1405   0.1402     *       0.1402   0.1402   0.1402   0.1402   0.1402 
J= 6 |  0.1635   0.1507   0.1431   0.1406   0.1402   0.1402     *       0.1402   0.1402   0.1402   0.1402   0.1402 
J= 7 |  0.1454   0.1424   0.1408   0.1403     *         *         *         *         *       0.1402   0.1402   0.1401 
J= 8 |  0.1411   0.1406   0.1403   0.1402   0.1402   0.1402     *       0.1401   0.1401   0.1401   0.1401   0.1401 
J= 9 |  0.1403   0.1402   0.1402   0.1402   0.1401   0.1401     *       0.1401   0.1401   0.1401   0.1401   0.1402 
J=10 |  0.1402   0.1402   0.1402   0.1402   0.1401   0.1401   0.1401   0.1401   0.1401   0.1401   0.1402   0.1404 
J=11 |  0.1402   0.1402   0.1402   0.1402   0.1401   0.1401   0.1401   0.1401   0.1401   0.1402   0.1405   0.1424 
J=12 |  0.1402   0.1402   0.1402   0.1402   0.1401   0.1401   0.1401   0.1401   0.1401   0.1404   0.1424   0.1603 

 layer = 2 Top to bottom
          1        2        3        4        5        6        7        8        9       10       11       12    
--------------------------------------------------------------------------------------------------------------------
J= 1 |  0.5470   0.4328   0.3079   0.1967   0.1350   0.1173   0.1144   0.1141   0.1140   0.1140   0.1140   0.1140 
J= 2 |  0.4337   0.3347   0.2301   0.1526   0.1216   0.1151   0.1141   0.1140   0.1140   0.1140   0.1140   0.1140 
J= 3 |  0.3111   0.2320   0.1610   0.1251   0.1157   0.1142   0.1141   0.1140   0.1140   0.1140   0.1140   0.1140 
J= 4 |  0.2017   0.1553   0.1257   0.1160   0.1143   0.1141   0.1140   0.1140   0.1140   0.1140   0.1140   0.1140 
J= 5 |  0.1385   0.1230   0.1160   0.1143   0.1140   0.1140     *       0.1140   0.1140   0.1140   0.1140   0.1140 
J= 6 |  0.1185   0.1155   0.1143   0.1141   0.1140   0.1140     *       0.1140   0.1140   0.1140   0.1140   0.1140 
J= 7 |  0.1147   0.1142   0.1141   0.1140     *         *         *         *         *       0.1140   0.1140   0.1140 
J= 8 |  0.1141   0.1140   0.1140   0.1140   0.1140   0.1140     *       0.1140   0.1140   0.1140   0.1140   0.1140 
J= 9 |  0.1140   0.1140   0.1140   0.1140   0.1140   0.1140     *       0.1140   0.1140   0.1140   0.1140   0.1140 
J=10 |  0.1140   0.1140   0.1140   0.1140   0.1140   0.1140   0.1140   0.1140   0.1140   0.1140   0.1140   0.1140 
J=11 |  0.1140   0.1140   0.1140   0.1140   0.1140   0.1140   0.1140   0.1140   0.1140   0.1140   0.1141   0.1145 
J=12 |  0.1140   0.1140   0.1140   0.1140   0.1140   0.1140   0.1140   0.1140   0.1140   0.1140   0.1145   0.1197 

 layer = 3 Top to bottom
          1        2        3        4        5        6        7        8        9       10       11       12    
--------------------------------------------------------------------------------------------------------------------
J= 1 |  0.4250   0.3060   0.1991   0.1342   0.1122   0.1081   0.1076   0.1075   0.1075   0.1075   0.1075   0.1075 
J= 2 |  0.3070   0.2170   0.1479   0.1165   0.1088   0.1077   0.1076   0.1075   0.1075   0.1075   0.1075   0.1075 
J= 3 |  0.2016   0.1489   0.1187   0.1094   0.1078   0.1076   0.1075   0.1075   0.1075   0.1075   0.1075   0.1075 
J= 4 |  0.1365   0.1173   0.1095   0.1078   0.1076   0.1076   0.1075   0.1075   0.1075   0.1075   0.1075   0.1075 
J= 5 |  0.1131   0.1091   0.1078   0.1076   0.1076   0.1075     *       0.1075   0.1075   0.1075   0.1075   0.1075 
J= 6 |  0.1083   0.1077   0.1076   0.1075   0.1075   0.1075     *       0.1075   0.1075   0.1075   0.1075   0.1075 
J= 7 |  0.1076   0.1076   0.1075   0.1075     *         *         *         *         *       0.1075   0.1075   0.1075 
J= 8 |  0.1076   0.1075   0.1075   0.1075   0.1075   0.1075     *       0.1075   0.1075   0.1075   0.1075   0.1075 
J= 9 |  0.1075   0.1075   0.1075   0.1075   0.1075   0.1075     *       0.1075   0.1075   0.1075   0.1075   0.1075 
J=10 |  0.1075   0.1075   0.1075   0.1075   0.1075   0.1075   0.1075   0.1075   0.1075   0.1075   0.1075   0.1075 
J=11 |  0.1075   0.1075   0.1075   0.1075   0.1075   0.1075   0.1075   0.1075   0.1075   0.1075   0.1075   0.1075 
J=12 |  0.1075   0.1075   0.1075   0.1075   0.1075   0.1075   0.1075   0.1075   0.1075   0.1075   0.1075   0.1301 

==================================================
TIME STEP 4 (Time: 50.0 days)
==================================================
Property: water saturation

 layer = 1 Top to bottom
          1        2        3        4        5        6        7        8        9       10       11       12    
--------------------------------------------------------------------------------------------------------------------
J= 1 |  0.6400   0.5421   0.4530   0.3532   0.2501   0.1792   0.1515   0.1449   0.1438   0.1436   0.1436   0.1436 
J= 2 |  0.5426   0.4725   0.3908   0.2944   0.2078   0.1614   0.1472   0.1442   0.1437   0.1436   0.1436   0.1436 
J= 3 |  0.4552   0.3926   0.3111   0.2261   0.1698   0.1494   0.1447   0.1438   0.1436   0.1436   0.1436   0.1436 
J= 4 |  0.3594   0.2998   0.2288   0.1738   0.1501   0.1447   0.1438   0.1436   0.1436   0.1436   0.1436   0.1436 
J= 5 |  0.2602   0.2151   0.1731   0.1507   0.1444   0.1437     *       0.1436   0.1436   0.1436   0.1436   0.1436 
J= 6 |  0.1877   0.1663   0.1510   0.1448   0.1437   0.1436     *       0.1436   0.1436   0.1436   0.1436   0.1436 
J= 7 |  0.1554   0.1491   0.1453   0.1439     *         *         *         *         *       0.1436   0.1436   0.1436 
J= 8 |  0.1460   0.1447   0.1440   0.1437   0.1436   0.1436     *       0.1435   0.1435   0.1435   0.1435   0.1436 
J= 9 |  0.1440   0.1438   0.1437   0.1436   0.1436   0.1435     *       0.1435   0.1435   0.1435   0.1435   0.1436 
J=10 |  0.1436   0.1436   0.1436   0.1436   0.1436   0.1435   0.1435   0.1435   0.1435   0.1435   0.1436   0.1439 
J=11 |  0.1436   0.1436   0.1436   0.1436   0.1436   0.1435   0.1435   0.1435   0.1435   0.1436   0.1441   0.1467 
J=12 |  0.1436   0.1436   0.1436   0.1436   0.1436   0.1435   0.1435   0.1435   0.1436   0.1439   0.1468   0.1715 

 layer = 2 Top to bottom
          1        2        3        4        5        6        7        8        9       10       11       12    
--------------------------------------------------------------------------------------------------------------------
J= 1 |  0.5742   0.4692   0.3506   0.2325   0.1503   0.1196   0.1134   0.1126   0.1125   0.1125   0.1125   0.1125 
J= 2 |  0.4700   0.3774   0.2720   0.1780   0.1284   0.1150   0.1128   0.1125   0.1125   0.1125   0.1125   0.1125 
J= 3 |  0.3539   0.2742   0.1905   0.1352   0.1165   0.1130   0.1126   0.1125   0.1125   0.1125   0.1125   0.1125 
J= 4 |  0.2389   0.1821   0.1364   0.1172   0.1131   0.1126   0.1125   0.1125   0.1125   0.1125   0.1125   0.1125 
J= 5 |  0.1562   0.1312   0.1172   0.1132   0.1126   0.1125     *       0.1125   0.1125   0.1125   0.1125   0.1125 
J= 6 |  0.1220   0.1159   0.1132   0.1126   0.1125   0.1125     *       0.1125   0.1125   0.1125   0.1125   0.1125 
J= 7 |  0.1140   0.1130   0.1126   0.1125     *         *         *         *         *       0.1125   0.1125   0.1125 
J= 8 |  0.1127   0.1126   0.1125   0.1125   0.1125   0.1125     *       0.1125   0.1125   0.1125   0.1125   0.1125 
J= 9 |  0.1125   0.1125   0.1125   0.1125   0.1125   0.1125     *       0.1125   0.1125   0.1125   0.1125   0.1125 
J=10 |  0.1125   0.1125   0.1125   0.1125   0.1125   0.1125   0.1125   0.1125   0.1125   0.1125   0.1125   0.1125 
J=11 |  0.1125   0.1125   0.1125   0.1125   0.1125   0.1125   0.1125   0.1125   0.1125   0.1125   0.1126   0.1131 
J=12 |  0.1125   0.1125   0.1125   0.1125   0.1125   0.1125   0.1125   0.1125   0.1125   0.1125   0.1131   0.1206 

 layer = 3 Top to bottom
          1        2        3        4        5        6        7        8        9       10       11       12    
--------------------------------------------------------------------------------------------------------------------
J= 1 |  0.4586   0.3423   0.2289   0.1485   0.1148   0.1073   0.1062   0.1061   0.1061   0.1061   0.1061   0.1061 
J= 2 |  0.3434   0.2500   0.1684   0.1226   0.1088   0.1064   0.1061   0.1061   0.1061   0.1061   0.1061   0.1061 
J= 3 |  0.2319   0.1698   0.1264   0.1100   0.1066   0.1062   0.1061   0.1061   0.1061   0.1061   0.1061   0.1061 
J= 4 |  0.1519   0.1240   0.1102   0.1067   0.1062   0.1061   0.1061   0.1061   0.1061   0.1061   0.1061   0.1061 
J= 5 |  0.1166   0.1093   0.1067   0.1062   0.1061   0.1061     *       0.1061   0.1061   0.1061   0.1061   0.1061 
J= 6 |  0.1077   0.1065   0.1062   0.1061   0.1061   0.1061     *       0.1061   0.1061   0.1061   0.1061   0.1061 
J= 7 |  0.1063   0.1062   0.1061   0.1061     *         *         *         *         *       0.1061   0.1061   0.1061 
J= 8 |  0.1061   0.1061   0.1061   0.1061   0.1061   0.1061     *       0.1061   0.1061   0.1061   0.1061   0.1061 
J= 9 |  0.1061   0.1061   0.1061   0.1061   0.1061   0.1061     *       0.1061   0.1061   0.1061   0.1061   0.1061 
J=10 |  0.1061   0.1061   0.1061   0.1061   0.1061   0.1061   0.1061   0.1061   0.1061   0.1061   0.1061   0.1061 
J=11 |  0.1061   0.1061   0.1061   0.1061   0.1061   0.1061   0.1061   0.1061   0.1061   0.1061   0.1061   0.1061 
J=12 |  0.1061   0.1061   0.1061   0.1061   0.1061   0.1061   0.1061   0.1061   0.1061   0.1061   0.1061   0.1362 

==================================================
TIME STEP 5 (Time: 60.0 days)
==================================================
Property: water saturation

 layer = 1 Top to bottom
          1        2        3        4        5        6        7        8        9       10       11       12    
--------------------------------------------------------------------------------------------------------------------
J= 1 |  0.6529   0.5642   0.4847   0.3939   0.2902   0.2041   0.1616   0.1493   0.1469   0.1465   0.1465   0.1465 
J= 2 |  0.5647   0.5022   0.4293   0.3379   0.2427   0.1788   0.1540   0.1478   0.1467   0.1465   0.1465   0.1465 
J= 3 |  0.4868   0.4311   0.3549   0.2654   0.1925   0.1585   0.1490   0.1470   0.1466   0.1465   0.1465   0.1465 
J= 4 |  0.4002   0.3436   0.2688   0.1987   0.1601   0.1490   0.1470   0.1466   0.1465   0.1465   0.1465   0.1465 
J= 5 |  0.3019   0.2522   0.1975   0.1612   0.1485   0.1466     *       0.1465   0.1465   0.1465   0.1465   0.1465 
J= 6 |  0.2165   0.1869   0.1618   0.1494   0.1467   0.1465     *       0.1465   0.1465   0.1465   0.1465   0.1465 
J= 7 |  0.1686   0.1579   0.1504   0.1473     *         *         *         *         *       0.1465   0.1465   0.1464 
J= 8 |  0.1516   0.1491   0.1474   0.1467   0.1465   0.1465     *       0.1464   0.1464   0.1464   0.1464   0.1464 
J= 9 |  0.1474   0.1470   0.1467   0.1465   0.1465   0.1464     *       0.1464   0.1464   0.1464   0.1464   0.1465 
J=10 |  0.1466   0.1465   0.1465   0.1465   0.1465   0.1464   0.1464   0.1464   0.1464   0.1464   0.1465   0.1469 
J=11 |  0.1465   0.1465   0.1465   0.1465   0.1464   0.1464   0.1464   0.1464   0.1464   0.1465   0.1472   0.1506 
J=12 |  0.1465   0.1465   0.1465   0.1465   0.1464   0.1464   0.1464   0.1464   0.1465   0.1469   0.1508   0.1816 

 layer = 2 Top to bottom
          1        2        3        4        5        6        7        8        9       10       11       12    
--------------------------------------------------------------------------------------------------------------------
J= 1 |  0.5935   0.4963   0.3844   0.2654   0.1691   0.1239   0.1130   0.1113   0.1111   0.1111   0.1111   0.1111 
J= 2 |  0.4971   0.4106   0.3079   0.2057   0.1388   0.1161   0.1118   0.1112   0.1111   0.1111   0.1111   0.1111 
J= 3 |  0.3878   0.3103   0.2212   0.1498   0.1190   0.1123   0.1113   0.1111   0.1111   0.1111   0.1111   0.1111 
J= 4 |  0.2729   0.2110   0.1518   0.1205   0.1125   0.1113   0.1111   0.1111   0.1111   0.1111   0.1111   0.1111 
J= 5 |  0.1774   0.1434   0.1204   0.1126   0.1112   0.1111     *       0.1111   0.1111   0.1111   0.1111   0.1111 
J= 6 |  0.1283   0.1179   0.1127   0.1113   0.1111   0.1111     *       0.1111   0.1111   0.1111   0.1111   0.1111 
J= 7 |  0.1142   0.1123   0.1114   0.1112     *         *         *         *         *       0.1111   0.1111   0.1111 
J= 8 |  0.1116   0.1113   0.1112   0.1111   0.1111   0.1111     *       0.1111   0.1111   0.1111   0.1111   0.1111 
J= 9 |  0.1112   0.1111   0.1111   0.1111   0.1111   0.1111     *       0.1111   0.1111   0.1111   0.1111   0.1111 
J=10 |  0.1111   0.1111   0.1111   0.1111   0.1111   0.1111   0.1111   0.1111   0.1111   0.1111   0.1111   0.1111 
J=11 |  0.1111   0.1111   0.1111   0.1111   0.1111   0.1111   0.1111   0.1111   0.1111   0.1111   0.1112   0.1118 
J=12 |  0.1111   0.1111   0.1111   0.1111   0.1111   0.1111   0.1111   0.1111   0.1111   0.1111   0.1118   0.1227 

 layer = 3 Top to bottom
          1        2        3        4        5        6        7        8        9       10       11       12    
--------------------------------------------------------------------------------------------------------------------
J= 1 |  0.4834   0.3700   0.2541   0.1635   0.1189   0.1070   0.1052   0.1050   0.1050   0.1050   0.1050   0.1050 
J= 2 |  0.3712   0.2772   0.1885   0.1306   0.1097   0.1056   0.1050   0.1050   0.1050   0.1050   0.1050   0.1050 
J= 3 |  0.2575   0.1903   0.1363   0.1118   0.1059   0.1051   0.1050   0.1050   0.1050   0.1050   0.1050   0.1050 
J= 4 |  0.1680   0.1327   0.1122   0.1061   0.1051   0.1050   0.1050   0.1050   0.1050   0.1050   0.1050   0.1050 
J= 5 |  0.1216   0.1106   0.1061   0.1051   0.1050   0.1050     *       0.1050   0.1050   0.1050   0.1050   0.1050 
J= 6 |  0.1078   0.1058   0.1051   0.1050   0.1050   0.1050     *       0.1050   0.1050   0.1050   0.1050   0.1050 
J= 7 |  0.1054   0.1051   0.1050   0.1050     *         *         *         *         *       0.1050   0.1050   0.1050 
J= 8 |  0.1050   0.1050   0.1050   0.1050   0.1050   0.1050     *       0.1050   0.1050   0.1050   0.1050   0.1050 
J= 9 |  0.1050   0.1050   0.1050   0.1050   0.1050   0.1050     *       0.1050   0.1050   0.1050   0.1050   0.1050 
J=10 |  0.1050   0.1050   0.1050   0.1050   0.1050   0.1050   0.1050   0.1050   0.1050   0.1050   0.1050   0.1050 
J=11 |  0.1050   0.1050   0.1050   0.1050   0.1050   0.1050   0.1050   0.1050   0.1050   0.1050   0.1050   0.1050 
J=12 |  0.1050   0.1050   0.1050   0.1050   0.1050   0.1050   0.1050   0.1050   0.1050   0.1050   0.1050   0.1423 

==================================================
TIME STEP 6 (Time: 70.0 days)
==================================================
Property: water saturation

 layer = 1 Top to bottom
          1        2        3        4        5        6        7        8        9       10       11       12    
--------------------------------------------------------------------------------------------------------------------
J= 1 |  0.6608   0.5792   0.5072   0.4237   0.3216   0.2268   0.1720   0.1535   0.1495   0.1489   0.1488   0.1488 
J= 2 |  0.5796   0.5231   0.4571   0.3705   0.2721   0.1960   0.1611   0.1512   0.1492   0.1488   0.1488   0.1488 
J= 3 |  0.5092   0.4588   0.3875   0.2973   0.2141   0.1681   0.1533   0.1497   0.1489   0.1488   0.1488   0.1488 
J= 4 |  0.4300   0.3765   0.3011   0.2221   0.1707   0.1532   0.1498   0.1491   0.1488   0.1488   0.1488   0.1488 
J= 5 |  0.3345   0.2832   0.2207   0.1725   0.1524   0.1491     *       0.1488   0.1488   0.1488   0.1488   0.1488 
J= 6 |  0.2422   0.2071   0.1732   0.1539   0.1492   0.1488     *       0.1488   0.1488   0.1488   0.1488   0.1488 
J= 7 |  0.1822   0.1673   0.1557   0.1502     *         *         *         *         *       0.1488   0.1488   0.1488 
J= 8 |  0.1574   0.1534   0.1506   0.1492   0.1488   0.1488     *       0.1487   0.1487   0.1488   0.1488   0.1488 
J= 9 |  0.1505   0.1497   0.1492   0.1489   0.1488   0.1487     *       0.1487   0.1487   0.1488   0.1488   0.1488 
J=10 |  0.1490   0.1489   0.1488   0.1488   0.1488   0.1488   0.1487   0.1487   0.1487   0.1488   0.1489   0.1493 
J=11 |  0.1488   0.1488   0.1488   0.1488   0.1488   0.1488   0.1487   0.1487   0.1488   0.1489   0.1497   0.1540 
J=12 |  0.1488   0.1488   0.1488   0.1488   0.1488   0.1488   0.1487   0.1487   0.1488   0.1493   0.1542   0.1905 

 layer = 2 Top to bottom
          1        2        3        4        5        6        7        8        9       10       11       12    
--------------------------------------------------------------------------------------------------------------------
J= 1 |  0.6057   0.5141   0.4064   0.2873   0.1836   0.1280   0.1126   0.1102   0.1098   0.1098   0.1098   0.1098 
J= 2 |  0.5149   0.4323   0.3314   0.2257   0.1479   0.1173   0.1109   0.1099   0.1098   0.1098   0.1098   0.1098 
J= 3 |  0.4100   0.3341   0.2429   0.1624   0.1217   0.1117   0.1101   0.1098   0.1098   0.1098   0.1098   0.1098 
J= 4 |  0.2957   0.2319   0.1649   0.1240   0.1119   0.1101   0.1099   0.1098   0.1098   0.1098   0.1098   0.1098 
J= 5 |  0.1939   0.1543   0.1238   0.1122   0.1100   0.1098     *       0.1098   0.1098   0.1098   0.1098   0.1098 
J= 6 |  0.1341   0.1201   0.1123   0.1101   0.1098   0.1098     *       0.1098   0.1098   0.1098   0.1098   0.1098 
J= 7 |  0.1145   0.1116   0.1103   0.1099     *         *         *         *         *       0.1098   0.1098   0.1098 
J= 8 |  0.1105   0.1101   0.1099   0.1098   0.1098   0.1098     *       0.1098   0.1098   0.1098   0.1098   0.1098 
J= 9 |  0.1099   0.1098   0.1098   0.1098   0.1098   0.1098     *       0.1098   0.1098   0.1098   0.1098   0.1098 
J=10 |  0.1098   0.1098   0.1098   0.1098   0.1098   0.1098   0.1098   0.1098   0.1098   0.1098   0.1098   0.1098 
J=11 |  0.1098   0.1098   0.1098   0.1098   0.1098   0.1098   0.1098   0.1098   0.1098   0.1098   0.1099   0.1105 
J=12 |  0.1098   0.1098   0.1098   0.1098   0.1098   0.1098   0.1098   0.1098   0.1098   0.1098   0.1105   0.1255 

 layer = 3 Top to bottom
          1        2        3        4        5        6        7        8        9       10       11       12    
--------------------------------------------------------------------------------------------------------------------
J= 1 |  0.4978   0.3847   0.2669   0.1719   0.1214   0.1068   0.1044   0.1041   0.1041   0.1041   0.1041   0.1041 
J= 2 |  0.3860   0.2914   0.1998   0.1358   0.1103   0.1049   0.1041   0.1041   0.1041   0.1041   0.1041   0.1040 
J= 3 |  0.2707   0.2019   0.1428   0.1130   0.1053   0.1042   0.1041   0.1041   0.1041   0.1041   0.1040   0.1040 
J= 4 |  0.1772   0.1385   0.1136   0.1056   0.1042   0.1041   0.1041   0.1041   0.1041   0.1040   0.1040   0.1040 
J= 5 |  0.1249   0.1116   0.1056   0.1042   0.1041   0.1041     *       0.1041   0.1040   0.1040   0.1040   0.1040 
J= 6 |  0.1079   0.1052   0.1043   0.1041   0.1041   0.1041     *       0.1040   0.1040   0.1040   0.1040   0.1040 
J= 7 |  0.1046   0.1042   0.1041   0.1041     *         *         *         *         *       0.1040   0.1040   0.1040 
J= 8 |  0.1041   0.1041   0.1041   0.1041   0.1040   0.1040     *       0.1040   0.1040   0.1040   0.1040   0.1040 
J= 9 |  0.1041   0.1041   0.1040   0.1040   0.1040   0.1040     *       0.1040   0.1040   0.1040   0.1040   0.1040 
J=10 |  0.1040   0.1040   0.1040   0.1040   0.1040   0.1040   0.1040   0.1040   0.1040   0.1040   0.1040   0.1040 
J=11 |  0.1040   0.1040   0.1040   0.1040   0.1040   0.1040   0.1040   0.1040   0.1040   0.1040   0.1040   0.1041 
J=12 |  0.1040   0.1040   0.1040   0.1040   0.1040   0.1040   0.1040   0.1040   0.1040   0.1040   0.1041   0.1487 

==================================================
TIME STEP 7 (Time: 80.0 days)
==================================================
Property: water saturation

 layer = 1 Top to bottom
          1        2        3        4        5        6        7        8        9       10       11       12    
--------------------------------------------------------------------------------------------------------------------
J= 1 |  0.6671   0.5912   0.5256   0.4487   0.3497   0.2496   0.1837   0.1581   0.1519   0.1509   0.1507   0.1507 
J= 2 |  0.5916   0.5401   0.4800   0.3986   0.2997   0.2145   0.1693   0.1547   0.1514   0.1508   0.1507   0.1507 
J= 3 |  0.5275   0.4817   0.4152   0.3264   0.2366   0.1793   0.1580   0.1523   0.1510   0.1508   0.1507   0.1507 
J= 4 |  0.4549   0.4047   0.3305   0.2461   0.1831   0.1580   0.1525   0.1512   0.1508   0.1507   0.1507   0.1507 
J= 5 |  0.3634   0.3120   0.2446   0.1856   0.1568   0.1512     *       0.1508   0.1507   0.1507   0.1507   0.1507 
J= 6 |  0.2677   0.2285   0.1865   0.1591   0.1514   0.1508     *       0.1507   0.1507   0.1507   0.1507   0.1507 
J= 7 |  0.1974   0.1783   0.1618   0.1533     *         *         *         *         *       0.1507   0.1507   0.1507 
J= 8 |  0.1640   0.1582   0.1538   0.1515   0.1507   0.1507     *       0.1507   0.1507   0.1507   0.1507   0.1507 
J= 9 |  0.1535   0.1523   0.1515   0.1510   0.1508   0.1507     *       0.1507   0.1507   0.1507   0.1507   0.1507 
J=10 |  0.1511   0.1510   0.1508   0.1508   0.1507   0.1507   0.1507   0.1507   0.1507   0.1507   0.1508   0.1514 
J=11 |  0.1507   0.1507   0.1507   0.1507   0.1507   0.1507   0.1507   0.1507   0.1507   0.1508   0.1519   0.1571 
J=12 |  0.1507   0.1507   0.1507   0.1507   0.1507   0.1507   0.1507   0.1507   0.1507   0.1514   0.1573   0.1985 

 layer = 2 Top to bottom
          1        2        3        4        5        6        7        8        9       10       11       12    
--------------------------------------------------------------------------------------------------------------------
J= 1 |  0.6154   0.5287   0.4251   0.3068   0.1980   0.1330   0.1127   0.1091   0.1087   0.1086   0.1086   0.1086 
J= 2 |  0.5295   0.4505   0.3519   0.2444   0.1582   0.1192   0.1102   0.1088   0.1087   0.1086   0.1086   0.1086 
J= 3 |  0.4288   0.3548   0.2629   0.1758   0.1255   0.1114   0.1091   0.1087   0.1086   0.1086   0.1086   0.1086 
J= 4 |  0.3159   0.2515   0.1790   0.1287   0.1118   0.1090   0.1087   0.1087   0.1086   0.1086   0.1086   0.1086 
J= 5 |  0.2102   0.1663   0.1284   0.1122   0.1089   0.1087     *       0.1086   0.1086   0.1086   0.1086   0.1086 
J= 6 |  0.1412   0.1233   0.1125   0.1091   0.1087   0.1086     *       0.1086   0.1086   0.1086   0.1086   0.1086 
J= 7 |  0.1154   0.1114   0.1093   0.1087     *         *         *         *         *       0.1086   0.1086   0.1086 
J= 8 |  0.1097   0.1091   0.1088   0.1087   0.1086   0.1086     *       0.1086   0.1086   0.1086   0.1086   0.1086 
J= 9 |  0.1088   0.1087   0.1087   0.1086   0.1086   0.1086     *       0.1086   0.1086   0.1086   0.1086   0.1086 
J=10 |  0.1086   0.1086   0.1086   0.1086   0.1086   0.1086   0.1086   0.1086   0.1086   0.1086   0.1086   0.1087 
J=11 |  0.1086   0.1086   0.1086   0.1086   0.1086   0.1086   0.1086   0.1086   0.1086   0.1086   0.1087   0.1094 
J=12 |  0.1086   0.1086   0.1086   0.1086   0.1086   0.1086   0.1086   0.1086   0.1086   0.1087   0.1094   0.1288 

 layer = 3 Top to bottom
          1        2        3        4        5        6        7        8        9       10       11       12    
--------------------------------------------------------------------------------------------------------------------
J= 1 |  0.5096   0.3970   0.2779   0.1795   0.1240   0.1067   0.1037   0.1033   0.1033   0.1033   0.1033   0.1033 
J= 2 |  0.3984   0.3034   0.2098   0.1409   0.1111   0.1044   0.1034   0.1033   0.1033   0.1033   0.1033   0.1033 
J= 3 |  0.2820   0.2121   0.1491   0.1146   0.1050   0.1035   0.1033   0.1033   0.1033   0.1033   0.1033   0.1033 
J= 4 |  0.1856   0.1442   0.1154   0.1053   0.1035   0.1033   0.1033   0.1033   0.1033   0.1033   0.1033   0.1033 
J= 5 |  0.1283   0.1129   0.1053   0.1036   0.1033   0.1033     *       0.1033   0.1033   0.1033   0.1033   0.1033 
J= 6 |  0.1082   0.1049   0.1036   0.1033   0.1033   0.1033     *       0.1033   0.1033   0.1033   0.1033   0.1033 
J= 7 |  0.1040   0.1035   0.1033   0.1033     *         *         *         *         *       0.1033   0.1033   0.1033 
J= 8 |  0.1034   0.1033   0.1033   0.1033   0.1033   0.1033     *       0.1033   0.1033   0.1033   0.1033   0.1033 
J= 9 |  0.1033   0.1033   0.1033   0.1033   0.1033   0.1033     *       0.1033   0.1033   0.1033   0.1033   0.1033 
J=10 |  0.1033   0.1033   0.1033   0.1033   0.1033   0.1033   0.1033   0.1033   0.1033   0.1033   0.1033   0.1033 
J=11 |  0.1033   0.1033   0.1033   0.1033   0.1033   0.1033   0.1033   0.1033   0.1033   0.1033   0.1033   0.1033 
J=12 |  0.1033   0.1033   0.1033   0.1033   0.1033   0.1033   0.1033   0.1033   0.1033   0.1033   0.1033   0.1557 

==================================================
TIME STEP 8 (Time: 90.0 days)
==================================================
Property: water saturation

 layer = 1 Top to bottom
          1        2        3        4        5        6        7        8        9       10       11       12    
--------------------------------------------------------------------------------------------------------------------
J= 1 |  0.6723   0.6013   0.5411   0.4703   0.3754   0.2725   0.1970   0.1634   0.1543   0.1526   0.1524   0.1523 
J= 2 |  0.6017   0.5544   0.4995   0.4234   0.3259   0.2344   0.1790   0.1585   0.1534   0.1525   0.1524   0.1523 
J= 3 |  0.5429   0.5011   0.4394   0.3533   0.2597   0.1924   0.1635   0.1549   0.1528   0.1524   0.1523   0.1523 
J= 4 |  0.4763   0.4295   0.3576   0.2703   0.1975   0.1637   0.1553   0.1532   0.1525   0.1524   0.1523   0.1523 
J= 5 |  0.3895   0.3391   0.2689   0.2007   0.1620   0.1533     *       0.1525   0.1524   0.1523   0.1523   0.1523 
J= 6 |  0.2929   0.2510   0.2019   0.1654   0.1536   0.1524     *       0.1524   0.1523   0.1523   0.1523   0.1523 
J= 7 |  0.2144   0.1912   0.1693   0.1565     *         *         *         *         *       0.1523   0.1523   0.1523 
J= 8 |  0.1719   0.1639   0.1573   0.1537   0.1524   0.1523     *       0.1523   0.1523   0.1523   0.1523   0.1523 
J= 9 |  0.1568   0.1550   0.1536   0.1529   0.1525   0.1523     *       0.1523   0.1523   0.1523   0.1523   0.1524 
J=10 |  0.1531   0.1528   0.1526   0.1524   0.1523   0.1523   0.1523   0.1523   0.1523   0.1523   0.1525   0.1531 
J=11 |  0.1524   0.1524   0.1524   0.1523   0.1523   0.1523   0.1523   0.1523   0.1523   0.1525   0.1538   0.1598 
J=12 |  0.1523   0.1523   0.1523   0.1523   0.1523   0.1523   0.1523   0.1523   0.1524   0.1532   0.1601   0.2056 

 layer = 2 Top to bottom
          1        2        3        4        5        6        7        8        9       10       11       12    
--------------------------------------------------------------------------------------------------------------------
J= 1 |  0.6236   0.5413   0.4418   0.3252   0.2130   0.1392   0.1132   0.1083   0.1077   0.1076   0.1076   0.1076 
J= 2 |  0.5420   0.4667   0.3708   0.2627   0.1699   0.1222   0.1099   0.1079   0.1076   0.1076   0.1076   0.1076 
J= 3 |  0.4456   0.3737   0.2821   0.1903   0.1307   0.1116   0.1082   0.1077   0.1076   0.1076   0.1076   0.1076 
J= 4 |  0.3348   0.2704   0.1941   0.1351   0.1123   0.1082   0.1077   0.1076   0.1076   0.1076   0.1076   0.1076 
J= 5 |  0.2268   0.1797   0.1347   0.1128   0.1081   0.1076     *       0.1076   0.1076   0.1076   0.1076   0.1076 
J= 6 |  0.1498   0.1279   0.1132   0.1083   0.1076   0.1076     *       0.1076   0.1076   0.1076   0.1076   0.1076 
J= 7 |  0.1171   0.1116   0.1087   0.1078     *         *         *         *         *       0.1076   0.1076   0.1076 
J= 8 |  0.1092   0.1083   0.1078   0.1076   0.1076   0.1076     *       0.1076   0.1076   0.1076   0.1076   0.1076 
J= 9 |  0.1078   0.1077   0.1076   0.1076   0.1076   0.1076     *       0.1076   0.1076   0.1076   0.1076   0.1076 
J=10 |  0.1076   0.1076   0.1076   0.1076   0.1076   0.1076   0.1076   0.1076   0.1076   0.1076   0.1076   0.1076 
J=11 |  0.1076   0.1076   0.1076   0.1076   0.1076   0.1076   0.1076   0.1076   0.1076   0.1076   0.1077   0.1084 
J=12 |  0.1076   0.1076   0.1076   0.1076   0.1076   0.1076   0.1076   0.1076   0.1076   0.1076   0.1084   0.1324 

 layer = 3 Top to bottom
          1        2        3        4        5        6        7        8        9       10       11       12    
--------------------------------------------------------------------------------------------------------------------
J= 1 |  0.5201   0.4084   0.2884   0.1872   0.1270   0.1069   0.1032   0.1028   0.1027   0.1027   0.1027   0.1027 
J= 2 |  0.4099   0.3148   0.2195   0.1465   0.1123   0.1041   0.1029   0.1027   0.1027   0.1027   0.1027   0.1027 
J= 3 |  0.2928   0.2221   0.1558   0.1167   0.1049   0.1030   0.1027   0.1027   0.1027   0.1027   0.1027   0.1027 
J= 4 |  0.1940   0.1504   0.1177   0.1053   0.1030   0.1027   0.1027   0.1027   0.1027   0.1027   0.1027   0.1027 
J= 5 |  0.1322   0.1146   0.1054   0.1030   0.1027   0.1027     *       0.1027   0.1027   0.1027   0.1027   0.1027 
J= 6 |  0.1088   0.1047   0.1031   0.1028   0.1027   0.1027     *       0.1027   0.1027   0.1027   0.1027   0.1027 
J= 7 |  0.1036   0.1030   0.1028   0.1027     *         *         *         *         *       0.1027   0.1027   0.1027 
J= 8 |  0.1028   0.1028   0.1027   0.1027   0.1027   0.1027     *       0.1027   0.1027   0.1027   0.1027   0.1027 
J= 9 |  0.1027   0.1027   0.1027   0.1027   0.1027   0.1027     *       0.1027   0.1027   0.1027   0.1027   0.1027 
J=10 |  0.1027   0.1027   0.1027   0.1027   0.1027   0.1027   0.1027   0.1027   0.1027   0.1027   0.1027   0.1027 
J=11 |  0.1027   0.1027   0.1027   0.1027   0.1027   0.1027   0.1027   0.1027   0.1027   0.1027   0.1027   0.1028 
J=12 |  0.1027   0.1027   0.1027   0.1027   0.1027   0.1027   0.1027   0.1027   0.1027   0.1027   0.1028   0.1635 

==================================================
TIME STEP 9 (Time: 100.0 days)
==================================================
Property: water saturation

 layer = 1 Top to bottom
          1        2        3        4        5        6        7        8        9       10       11       12    
--------------------------------------------------------------------------------------------------------------------
J= 1 |  0.6768   0.6100   0.5544   0.4891   0.3988   0.2952   0.2117   0.1695   0.1567   0.1541   0.1538   0.1537 
J= 2 |  0.6104   0.5666   0.5163   0.4453   0.3506   0.2550   0.1903   0.1630   0.1554   0.1540   0.1537   0.1537 
J= 3 |  0.5561   0.5178   0.4607   0.3781   0.2828   0.2073   0.1702   0.1578   0.1545   0.1538   0.1537   0.1537 
J= 4 |  0.4949   0.4514   0.3825   0.2943   0.2135   0.1706   0.1585   0.1552   0.1540   0.1538   0.1537   0.1537 
J= 5 |  0.4131   0.3643   0.2930   0.2174   0.1682   0.1552     *       0.1540   0.1538   0.1537   0.1537   0.1537 
J= 6 |  0.3173   0.2739   0.2191   0.1729   0.1557   0.1539     *       0.1538   0.1537   0.1537   0.1537   0.1537 
J= 7 |  0.2328   0.2059   0.1783   0.1604     *         *         *         *         *       0.1537   0.1537   0.1537 
J= 8 |  0.1812   0.1707   0.1615   0.1560   0.1538   0.1537     *       0.1537   0.1537   0.1537   0.1537   0.1537 
J= 9 |  0.1605   0.1579   0.1559   0.1546   0.1540   0.1537     *       0.1537   0.1537   0.1537   0.1537   0.1538 
J=10 |  0.1549   0.1545   0.1541   0.1539   0.1537   0.1537   0.1537   0.1537   0.1537   0.1537   0.1539   0.1546 
J=11 |  0.1538   0.1538   0.1537   0.1537   0.1537   0.1537   0.1537   0.1537   0.1537   0.1539   0.1554   0.1623 
J=12 |  0.1537   0.1537   0.1537   0.1537   0.1537   0.1537   0.1537   0.1537   0.1538   0.1547   0.1626   0.2120 

 layer = 2 Top to bottom
          1        2        3        4        5        6        7        8        9       10       11       12    
--------------------------------------------------------------------------------------------------------------------
J= 1 |  0.6307   0.5523   0.4570   0.3426   0.2283   0.1468   0.1144   0.1077   0.1068   0.1067   0.1067   0.1067 
J= 2 |  0.5531   0.4812   0.3882   0.2805   0.1827   0.1264   0.1100   0.1071   0.1067   0.1067   0.1067   0.1067 
J= 3 |  0.4608   0.3912   0.3005   0.2056   0.1374   0.1124   0.1076   0.1068   0.1067   0.1067   0.1067   0.1067 
J= 4 |  0.3526   0.2887   0.2098   0.1430   0.1134   0.1076   0.1069   0.1067   0.1067   0.1067   0.1067   0.1067 
J= 5 |  0.2435   0.1941   0.1426   0.1141   0.1074   0.1067     *       0.1067   0.1067   0.1067   0.1067   0.1067 
J= 6 |  0.1599   0.1340   0.1147   0.1078   0.1068   0.1067     *       0.1067   0.1067   0.1067   0.1067   0.1067 
J= 7 |  0.1197   0.1124   0.1083   0.1069     *         *         *         *         *       0.1067   0.1067   0.1067 
J= 8 |  0.1089   0.1077   0.1070   0.1068   0.1067   0.1067     *       0.1067   0.1067   0.1067   0.1067   0.1067 
J= 9 |  0.1070   0.1068   0.1068   0.1067   0.1067   0.1067     *       0.1067   0.1067   0.1067   0.1067   0.1067 
J=10 |  0.1067   0.1067   0.1067   0.1067   0.1067   0.1067   0.1067   0.1067   0.1067   0.1067   0.1067   0.1067 
J=11 |  0.1067   0.1067   0.1067   0.1067   0.1067   0.1067   0.1067   0.1067   0.1067   0.1067   0.1068   0.1075 
J=12 |  0.1067   0.1067   0.1067   0.1067   0.1067   0.1067   0.1067   0.1067   0.1067   0.1067   0.1075   0.1362 

 layer = 3 Top to bottom
          1        2        3        4        5        6        7        8        9       10       11       12    
--------------------------------------------------------------------------------------------------------------------
J= 1 |  0.5295   0.4191   0.2986   0.1950   0.1304   0.1074   0.1029   0.1023   0.1023   0.1022   0.1022   0.1022 
J= 2 |  0.4206   0.3257   0.2292   0.1525   0.1139   0.1040   0.1024   0.1023   0.1023   0.1022   0.1022   0.1022 
J= 3 |  0.3033   0.2319   0.1630   0.1192   0.1050   0.1026   0.1023   0.1023   0.1022   0.1022   0.1022   0.1022 
J= 4 |  0.2025   0.1570   0.1205   0.1055   0.1026   0.1023   0.1023   0.1023   0.1022   0.1022   0.1022   0.1022 
J= 5 |  0.1366   0.1168   0.1056   0.1027   0.1023   0.1023     *       0.1022   0.1022   0.1022   0.1022   0.1022 
J= 6 |  0.1098   0.1048   0.1027   0.1023   0.1023   0.1023     *       0.1022   0.1022   0.1022   0.1022   0.1022 
J= 7 |  0.1034   0.1026   0.1023   0.1023     *         *         *         *         *       0.1022   0.1022   0.1022 
J= 8 |  0.1024   0.1023   0.1023   0.1023   0.1022   0.1022     *       0.1022   0.1022   0.1022   0.1022   0.1022 
J= 9 |  0.1023   0.1023   0.1022   0.1022   0.1022   0.1022     *       0.1022   0.1022   0.1022   0.1022   0.1022 
J=10 |  0.1022   0.1022   0.1022   0.1022   0.1022   0.1022   0.1022   0.1022   0.1022   0.1022   0.1022   0.1022 
J=11 |  0.1022   0.1022   0.1022   0.1022   0.1022   0.1022   0.1022   0.1022   0.1022   0.1022   0.1022   0.1023 
J=12 |  0.1022   0.1022   0.1022   0.1022   0.1022   0.1022   0.1022   0.1022   0.1022   0.1022   0.1023   0.1720 
